position,label,mutation,frequency,coverage
20448,~20449T,aa:orf1b:N2328Y,0.02702702702702703,37
19225,~19226A,aa:orf1b:S1920Y,0.006289308176100629,159
13353,~13354A,aa:orf1a:F4363L,0.004761904761904762,210
29421,~29422T,G29422T,1.0000000000000004,45
6143,~6144A,aa:orf1a:F1960Y,0.013888888888888888,72
3071,~3072T,aa:orf1a:C936F,0.00423728813559322,472
2909,~2910A,aa:orf1a:T882N,0.004106776180698152,487
26752,~26753A,C26753A,0.004106776180698152,487
26756,~26757T,aa:M:G79*,0.0020833333333333333,480
26803,~26804A,aa:M:S94R,0.0021598272138228943,463
13400,~13401T,aa:orf1a:Y4379F,0.005263157894736842,190
13403,~13404T,aa:orf1a:G4380V,0.010582010582010581,189
25594,~25595C,aa:orf3a:R68T,1.0000000000000007,61
25573,~25574T,aa:orf3a:K61I,0.9999999999999992,62
25504,~25505T,aa:orf3a:Q38L,0.9836065573770499,61
25488,~25489T,aa:orf3a:A33S,0.9833333333333347,60
25488,~25489A,aa:orf3a:A33T,0.016666666666666666,60
6843,~6844A,T6844A,0.015625,128
2862,~2863T,A2863T,0.003003003003003003,333
2862,~2863C,A2863C,0.003003003003003003,333
5283,~5284T,C5284T,1.0,16
9528,~9529G,A9529G,0.9999999999999986,102
17138,~17139A,T17139A,0.9411764705882354,17
2956,~2957T,aa:orf1a:D898Y,0.003683241252302026,543
2951,~2952G,aa:orf1a:D896G,0.003703703703703704,540
3093,~3094T,A3094T,0.007462686567164179,402
26762,~26763T,aa:M:A81S,0.002079002079002079,481
26840,~26841A,aa:M:R107S,0.0043859649122807015,456
28377,~28378T,G28378T,0.9999999999999984,91
28294,~28295G,aa:N:N8D,0.9784946236559133,93
13714,~13715G,aa:orf1b:D83G,0.9906542056074709,214
13714,~13715T,aa:orf1b:D83V,0.004672897196261682,214
26888,~26889A,aa:M:P123T,0.00872093023255814,344
26883,~26884G,aa:M:N121S,0.0028011204481792717,357
26883,~26884T,aa:M:N121I,0.0056022408963585435,357
24422,~24423T,aa:S:Q954L,0.027777777777777776,36
24388,~24389C,aa:S:S943R,0.9999999999999993,33
24468,~24469A,aa:S:N969K,0.022727272727272728,44
28507,~28508G,aa:N:S79G,0.015625,64
28570,~28571T,aa:N:K100*,0.029411764705882353,34
28540,~28541A,aa:N:A90T,0.017857142857142856,56
8461,~8462T,aa:orf1a:A2733S,0.006688963210702341,299
8461,~8462C,aa:orf1a:A2733P,0.0033444816053511705,299
7294,~7295A,aa:orf1a:A2344T,1.0,16
26955,~26956A,aa:M:L145H,0.006289308176100629,159
8620,~8621T,aa:orf1a:I2786F,0.004098360655737705,244
8651,~8652C,aa:orf1a:M2796T,0.005235602094240838,191
9824,~9825T,aa:orf1a:K3187I,0.012658227848101266,79
4439,~4440A,aa:orf1a:C1392Y,0.012658227848101266,79
4651,~4652T,aa:orf1a:A1463S,0.022727272727272728,44
18388,~18389C,aa:orf1b:L1641P,0.0044444444444444444,225
18569,~18570T,C18570T,1.0000000000000016,161
2918,~2919A,aa:orf1a:P885Q,0.0039447731755424065,507
2918,~2919G,aa:orf1a:P885R,0.0019723865877712033,507
2902,~2903T,aa:orf1a:I880L,0.0021551724137931034,464
2935,~2936T,aa:orf1a:T891S,0.003738317757009346,535
15274,~15275A,aa:orf1b:P603H,0.029850746268656716,67
4751,~4752A,aa:orf1a:T1496K,0.05555555555555555,18
4963,~4964G,aa:orf1a:T1567A,0.964285714285714,28
4963,~4964T,aa:orf1a:T1567S,0.03571428571428571,28
4821,~4822T,aa:orf1a:Q1519H,0.05263157894736842,19
27531,~27532T,aa:orf7a:H47Y,0.9999999999999999,10
9237,~9238G,A9238G,0.025,40
28999,~29000T,aa:N:G243C,0.9655172413793099,29
6657,~6658G,aa:orf1a:N2131K,0.06666666666666667,15
28940,~28941G,aa:N:L223R,0.037037037037037035,27
29128,~29129A,aa:N:F286I,0.047619047619047616,21
28925,~28926G,aa:N:A218G,0.038461538461538464,26
2912,~2913A,aa:orf1a:L883*,0.0020242914979757085,494
2866,~2867T,aa:orf1a:V868L,0.008595988538681949,349
2857,~2858T,aa:orf1a:G865C,0.0031545741324921135,317
2901,~2902A,C2902A,0.006493506493506494,462
2146,~2147T,aa:orf1a:L628F,0.9999999999999993,33
26656,~26657C,T26657C,0.0032679738562091504,306
26913,~26914T,aa:M:R131I,0.01090909090909091,275
22454,~22455T,aa:S:E298V,0.011363636363636364,88
22454,~22455G,aa:S:E298G,0.011363636363636364,88
22467,~22468T,G22468T,0.9848484848484841,66
22467,-22468.1,del:22468:1,0.015151515151515152,66
6940,~6941T,C6941T,0.006622516556291391,151
7106,~7107G,aa:orf1a:Y2281C,0.01282051282051282,78
3162,~3163A,T3163A,0.02158273381294964,139
2996,~2997T,aa:orf1a:S911F,0.0018315018315018315,546
2996,~2997A,aa:orf1a:S911Y,0.0018315018315018315,546
26701,~26702G,A26702G,0.002331002331002331,429
26701,~26702T,A26702T,0.006993006993006993,429
3993,~3994T,G3994T,1.0000000000000004,47
3873,~3874T,C3874T,0.9999999999999992,62
18923,~18924T,aa:orf1b:E1819D,0.011834319526627219,169
18772,~18773G,aa:orf1b:Q1769R,0.014705882352941176,68
13009,~13010T,aa:orf1a:T4249S,0.014492753623188406,69
9241,~9242T,aa:orf1a:E2993*,0.02564102564102564,39
9304,~9305A,aa:orf1a:L3014I,0.045454545454545456,22
9080,~9081A,aa:orf1a:L2939Q,0.01818181818181818,55
9056,~9057A,aa:orf1a:P2931Q,0.0196078431372549,51
21169,~21170C,aa:orf1b:I2568T,0.022727272727272728,44
21193,~21194G,aa:orf1b:D2576G,0.9777777777777782,45
23610,~23611T,G23611T,0.9999999999999997,22
26470,~26471T,aa:E:*76L,0.023809523809523808,42
3029,~3030T,aa:orf1a:C922F,0.003629764065335753,551
23075,~23076T,aa:S:Y505F,0.06896551724137931,29
29253,~29254T,G29254T,0.9387755102040823,49
29253,~29254A,G29254A,0.04081632653061224,49
29379,~29380G,A29380G,0.01818181818181818,55
29365,~29366A,aa:N:P365T,0.018867924528301886,53
21621,~21622T,C21622T,1.0000000000000018,92
12381,~12382T,aa:orf1a:K4039N,0.009708737864077669,103
22389,~22390C,A22390C,0.005649717514124294,177
19213,~19214C,aa:orf1b:Y1916S,0.005780346820809248,173
22188,~22189A,T22189A,0.0045662100456621,219
22188,~22189C,T22189C,0.0045662100456621,219
22166,~22167G,aa:S:K202R,0.005154639175257732,194
22166,~22167T,aa:S:K202I,0.005154639175257732,194
22235,~22236A,aa:S:P225Q,0.00411522633744856,243
22281,~22282A,T22282A,0.004761904761904762,210
8587,~8588T,aa:orf1a:K2775*,0.0035335689045936395,283
8587,~8588G,aa:orf1a:K2775E,0.0035335689045936395,283
8668,~8669G,aa:orf1a:F2802V,0.006666666666666667,150
19243,~19244C,aa:orf1b:D1926A,0.007874015748031496,127
26892,~26893C,aa:M:L124P,0.0029940119760479044,334
7624,~7625G,aa:orf1a:N2454D,0.022727272727272728,44
28652,~28653G,aa:N:K127R,0.034482758620689655,29
18887,~18888A,aa:orf1b:H1807Q,0.009433962264150943,106
18990,~18991G,aa:orf1b:K1842E,0.00796812749003984,251
13531,~13532A,aa:orf1b:V22E,0.009433962264150943,106
13531,~13532C,aa:orf1b:V22A,0.009433962264150943,106
13559,~13560C,T13560C,0.00641025641025641,156
13559,~13560G,aa:orf1b:D31E,0.00641025641025641,156
13559,~13560A,aa:orf1b:D31E,0.00641025641025641,156
13578,~13579T,aa:orf1b:K38*,0.0055248618784530384,181
13578,~13579G,aa:orf1b:K38E,0.0055248618784530384,181
13576,~13577A,aa:orf1b:A37D,0.00558659217877095,179
26659,~26660T,aa:M:L46F,0.0032258064516129032,310
21630,~21631G,A21631G,0.011235955056179775,89
21608,~21609A,aa:S:V16D,0.010526315789473684,95
14515,~14516A,aa:orf1b:V350E,0.006756756756756757,296
14515,~14516C,aa:orf1b:V350A,0.0033783783783783786,296
2128,~2129T,aa:orf1a:E622*,0.027777777777777776,36
18423,~18424T,aa:orf1b:N1653Y,0.004347826086956522,230
13522,~13523T,aa:orf1b:T19I,0.008771929824561403,114
13522,~13523A,aa:orf1b:T19N,0.008771929824561403,114
13556,~13557C,T13557C,0.006578947368421052,152
24369,~24370T,C24370T,1.0,32
10110,~10111T,aa:orf1a:Q3282H,0.02857142857142857,35
10150,~10151C,aa:orf1a:D3296H,0.024390243902439025,41
29524,~29525G,aa:N:Q418E,0.05,20
29618,~29619A,aa:orf10:M21K,0.04,25
4582,~4583T,aa:orf1a:D1440Y,0.013333333333333334,75
6858,~6859T,A6859T,0.007633587786259542,131
6858,~6859G,aa:orf1a:I2198M,0.007633587786259542,131
8669,~8670A,aa:orf1a:F2802Y,0.00684931506849315,146
8496,~8497A,aa:orf1a:C2744*,0.003401360544217687,294
8459,~8460A,aa:orf1a:A2732D,0.003355704697986577,298
5929,~5930A,aa:orf1a:C1889S,0.02631578947368421,38
3123,~3124A,aa:orf1a:D953E,0.00970873786407767,309
20150,~20151A,aa:orf1b:N2228K,0.037037037037037035,27
2942,~2943C,aa:orf1a:L893P,0.003745318352059925,534
2929,~2930A,aa:orf1a:L889I,0.0018726591760299626,534
18930,~18931T,aa:orf1b:I1822L,0.005649717514124294,177
17864,~17865C,T17865C,0.9646017699115057,113
17864,~17865A,aa:orf1b:Y1466*,0.008849557522123894,113
1757,~1758T,aa:orf1a:A498V,1.0000000000000016,57
1380,~1381T,A1381T,0.017543859649122806,57
12932,~12933G,aa:orf1a:P4223R,0.017857142857142856,56
13069,~13070C,aa:orf1a:F4269L,0.013888888888888888,72
13175,~13176A,aa:orf1a:T4304N,0.006993006993006993,143
26806,~26807A,aa:M:Y95*,0.004291845493562232,466
26678,~26679A,aa:M:F53I,0.005291005291005291,378
21409,~21410A,aa:orf1b:P2648H,0.0136986301369863,73
21387,~21388A,aa:orf1b:L2641I,0.03571428571428571,56
7122,~7123T,A7123T,0.017241379310344827,58
8178,~8179T,G8179T,1.0000000000000004,39
8264,~8265T,aa:orf1a:G2667V,0.05555555555555555,36
27138,~27139C,aa:M:L206S,0.018518518518518517,54
26847,~26848A,aa:M:M109K,0.002288329519450801,437
5903,~5904G,aa:orf1a:V1880G,0.027777777777777776,36
26772,~26773C,aa:M:M84T,0.0041928721174004195,477
26772,~26773G,aa:M:M84R,0.0020964360587002098,477
20522,~20523C,T20523C,0.025,40
20475,~20476T,aa:orf1b:G2337C,0.02857142857142857,35
13626,~13627T,aa:orf1b:D54Y,0.0047169811320754715,212
13603,~13604T,aa:orf1b:R46L,0.00975609756097561,205
19242,~19243C,aa:orf1b:D1926H,0.007751937984496124,129
19242,~19243T,aa:orf1b:D1926Y,0.007751937984496124,129
19188,~19189C,aa:orf1b:F1908L,0.004608294930875576,217
18082,~18083A,aa:orf1b:I1539N,0.045454545454545456,22
19601,~19602A,aa:orf1b:N2045K,0.043478260869565216,23
19561,~19562A,aa:orf1b:L2032*,0.037037037037037035,27
19679,~19680C,T19680C,0.041666666666666664,24
19542,~19543T,aa:orf1b:I2026F,0.03571428571428571,28
19656,~19657T,aa:orf1b:G2064*,0.04,25
19577,~19578T,aa:orf1b:Q2037H,0.04,25
19629,~19630T,aa:orf1b:N2055Y,0.03571428571428571,28
13254,~13255A,aa:orf1a:C4330*,0.004901960784313725,204
3266,~3267A,aa:orf1a:T1001N,0.07142857142857142,14
3400,~3401T,aa:orf1a:V1046L,1.0000000000000002,20
15211,~15212A,aa:orf1b:T582K,0.02197802197802198,91
15034,~15035T,aa:orf1b:K523I,0.014084507042253521,71
22970,~22971G,aa:S:T470S,0.01818181818181818,55
18513,~18514A,aa:orf1b:W1683R,0.009302325581395349,215
18523,~18524C,aa:orf1b:V1686A,0.009900990099009901,202
18344,~18345C,T18345C,0.00558659217877095,179
3778,~3779T,aa:orf1a:N1172Y,0.016666666666666666,60
3009,~3010T,aa:orf1a:K915N,0.001838235294117647,544
3009,~3010G,A3010G,0.001838235294117647,544
14697,~14698C,aa:orf1b:Y411H,0.007352941176470588,136
17783,~17784G,aa:orf1b:N1439K,0.008547008547008548,117
29751,~29752G,A29752G,0.045454545454545456,22
12430,~12431C,aa:orf1a:C4056R,0.009433962264150943,106
8814,~8815A,T8815A,0.034482758620689655,29
7068,~7069T,aa:orf1a:E2268D,0.008620689655172414,116
28026,~28027T,aa:orf8:W45L,1.0000000000000002,11
28094,~28095G,aa:orf8:K68E,1.0000000000000002,20
28086,~28087T,aa:orf8:A65V,1.0000000000000002,18
1314,~1315A,T1315A,0.01639344262295082,61
20843,~20844T,C20844T,1.0000000000000002,11
20852,~20853T,aa:orf1b:M2462I,0.1,10
3053,~3054T,aa:orf1a:D930V,0.00392156862745098,510
2877,~2878A,aa:orf1a:F871L,0.005208333333333333,384
17897,~17898G,aa:orf1b:H1477Q,0.01,100
2855,~2856A,aa:orf1a:L864H,0.009615384615384616,312
2855,~2856C,aa:orf1a:L864P,0.00641025641025641,312
15757,~15758T,aa:orf1b:Q764L,0.0625,16
21542,~21543C,T21543C,0.010638297872340425,94
18650,~18651T,aa:orf1b:E1728D,0.9803921568627458,51
8623,~8624C,aa:orf1a:F2787L,0.004149377593360996,241
8623,~8624A,aa:orf1a:F2787I,0.004149377593360996,241
8631,~8632T,aa:orf1a:L2789F,0.008583690987124463,233
2930,~2931A,aa:orf1a:L889*,0.0037313432835820895,536
2115,~2116A,aa:orf1a:F617L,0.02631578947368421,38
1963,~1964T,aa:orf1a:I567L,0.02857142857142857,35
2008,~2009C,aa:orf1a:D582H,0.024390243902439025,41
13510,~13511A,aa:orf1b:T15K,0.007692307692307693,130
12323,~12324T,aa:orf1a:D4020V,0.014084507042253521,71
12552,~12553T,aa:orf1a:W4096C,0.011111111111111112,90
5275,~5276A,aa:orf1a:D1671N,0.05263157894736842,19
5011,~5012T,aa:orf1a:V1583F,0.027777777777777776,36
5059,~5060A,aa:orf1a:L1599M,0.020833333333333332,48
1771,~1772T,aa:orf1a:V503F,0.01694915254237288,59
12904,~12905G,aa:orf1a:R4214G,0.019230769230769232,52
18477,~18478T,aa:orf1b:K1671*,0.004424778761061947,226
18477,~18478G,aa:orf1b:K1671E,0.004424778761061947,226
1585,~1586T,aa:orf1a:E441*,0.02,50
1336,~1337C,aa:orf1a:G358R,0.016666666666666666,60
2820,~2821G,A2821G,0.010810810810810811,185
2820,~2821T,A2821T,0.010810810810810811,185
17956,~17957T,aa:orf1b:C1497F,0.0136986301369863,73
17989,~17990C,aa:orf1b:L1508S,0.018867924528301886,53
17966,~17967C,T17967C,0.014285714285714285,70
13552,~13553T,aa:orf1b:Y29F,0.006896551724137931,145
13552,~13553G,aa:orf1b:Y29C,0.006896551724137931,145
4428,~4429T,aa:orf1a:L1388F,0.013888888888888888,72
17920,~17921C,aa:orf1b:N1485T,0.011111111111111112,90
17729,~17730C,aa:orf1b:E1421D,0.009345794392523364,107
25163,~25164G,aa:S:Q1201R,0.029411764705882353,68
25163,~25164C,aa:S:Q1201P,0.014705882352941176,68
25187,~25188G,aa:S:Y1209C,0.013333333333333334,75
19137,~19138A,aa:orf1b:F1891I,0.007326007326007326,273
19137,~19138C,aa:orf1b:F1891L,0.003663003663003663,273
27530,~27531C,T27531C,0.1,10
21423,~21424T,aa:orf1b:G2653C,0.01282051282051282,78
21520,~21521C,aa:orf1b:V2685A,0.010752688172043012,93
21377,~21378C,T21378C,0.019230769230769232,52
22303,~22304A,aa:S:Y248N,0.004524886877828055,221
19214,~19215C,T19215C,0.005813953488372093,172
19214,~19215G,aa:orf1b:Y1916*,0.005813953488372093,172
19156,~19157G,aa:orf1b:H1897R,0.0038910505836575876,257
12988,~12989T,aa:orf1a:V4242L,0.013513513513513514,74
13519,~13520T,aa:orf1b:S18I,0.008695652173913044,115
14575,~14576A,aa:orf1b:A370D,0.0033222591362126247,301
25164,~25165T,aa:S:Q1201H,0.014285714285714285,70
9579,~9580A,aa:orf1a:Y3105*,0.012987012987012988,154
17924,~17925A,T17925A,0.011494252873563218,87
17924,~17925C,T17925C,0.011494252873563218,87
17983,~17984T,aa:orf1b:D1506V,0.017543859649122806,57
13564,~13565A,aa:orf1b:V33E,0.012269938650306749,163
21293,~21294C,T21294C,0.034482758620689655,29
21270,~21271C,aa:orf1b:F2602L,0.02857142857142857,35
22258,~22259T,aa:S:I233F,0.004405286343612335,227
18400,~18401A,aa:orf1b:P1645H,0.013043478260869566,230
19181,~19182T,A19182T,0.008849557522123894,226
26769,~26770A,aa:M:A83E,0.004228329809725159,473
26769,~26770T,aa:M:A83V,0.0021141649048625794,473
26650,~26651A,aa:M:N43K,0.0034602076124567475,289
26855,~26856C,aa:M:F112L,0.007317073170731707,410
17875,~17876T,aa:orf1b:T1470I,0.008928571428571428,112
17875,~17876A,aa:orf1b:T1470N,0.008928571428571428,112
6839,~6840A,aa:orf1a:A2192E,0.007936507936507936,126
5845,~5846T,aa:orf1a:G1861C,0.041666666666666664,24
3057,~3058C,aa:orf1a:E931D,0.001996007984031936,501
3057,~3058G,A3058G,0.001996007984031936,501
1619,~1620G,aa:orf1a:E452G,0.017241379310344827,58
1805,~1806A,aa:orf1a:G514E,0.018518518518518517,54
17417,~17418T,aa:orf1b:K1317N,0.009345794392523364,107
26757,~26758C,aa:M:G79A,0.0041753653444676405,479
19145,~19146A,T19146A,0.007462686567164179,268
19025,~19026C,T19026C,0.0036363636363636364,275
19501,~19502A,aa:orf1b:A2012D,0.047619047619047616,21
19548,~19549T,aa:orf1b:A2028S,0.03571428571428571,28
17915,~17916G,A17916G,0.01098901098901099,91
17735,~17736A,T17736A,0.01834862385321101,109
8956,~8957C,aa:orf1a:T2898P,0.03333333333333333,30
19197,~19198A,aa:orf1b:C1911S,0.004807692307692308,208
19197,~19198G,aa:orf1b:C1911G,0.004807692307692308,208
19233,~19234A,aa:orf1b:C1923S,0.007142857142857143,140
19203,~19204T,aa:orf1b:V1913F,0.010309278350515464,194
18941,~18942C,T18942C,0.005263157894736842,190
192,~193T,C193T,0.047619047619047616,21
17908,~17909C,aa:orf1b:V1481A,0.010752688172043012,93
19162,~19163T,aa:orf1b:D1899V,0.004016064257028112,249
17364,~17365A,aa:orf1b:S1300T,0.014285714285714285,70
17612,~17613A,aa:orf1b:N1382K,0.009523809523809525,105
12568,~12569T,aa:orf1a:V4102L,0.024096385542168676,83
17369,~17370T,aa:orf1b:M1301I,0.012987012987012988,77
13786,~13787T,aa:orf1b:R107L,0.006944444444444444,144
19149,~19150T,aa:orf1b:A1895S,0.003787878787878788,264
9798,~9799C,T9799C,0.008771929824561403,114
9829,~9830T,aa:orf1a:M3189L,0.013888888888888888,72
9823,~9824T,aa:orf1a:K3187*,0.0125,80
9821,~9822T,aa:orf1a:N3186I,0.012345679012345678,81
27803,~27804A,aa:orf7b:L17M,0.16666666666666666,6
27683,~27684T,C27684T,0.9999999999999999,10
27673,~27674T,aa:orf7a:Q94L,1.0000000000000002,9
3450,~3451A,aa:orf1a:N1062K,0.022727272727272728,44
26674,~26675T,aa:M:L51F,0.0027397260273972603,365
26924,~26925T,aa:M:E135*,0.00819672131147541,244
26924,~26925C,aa:M:E135Q,0.004098360655737705,244
13671,~13672A,aa:orf1b:S69T,0.0048543689320388345,206
26755,~26756C,T26756C,0.006224066390041494,482
26755,~26756G,T26756G,0.002074688796680498,482
26853,~26854G,aa:M:S111*,0.002380952380952381,420
14261,~14262T,C14262T,0.058823529411764705,17
14261,~14262A,aa:orf1b:D265E,0.058823529411764705,17
14384,~14385A,T14385A,0.0072992700729927005,137
14406,~14407A,aa:orf1b:P314T,0.005494505494505495,182
18486,~18487G,aa:orf1b:I1674V,0.004347826086956522,230
18486,~18487T,aa:orf1b:I1674L,0.004347826086956522,230
15183,~15184T,aa:orf1b:T573S,0.010309278350515464,97
14980,~14981G,aa:orf1b:L505R,0.022727272727272728,44
14980,~14981C,aa:orf1b:L505P,0.022727272727272728,44
18487,~18488A,aa:orf1b:I1674K,0.004366812227074236,229
21011,~21012C,A21012C,1.0000000000000002,20
17621,~17622C,aa:orf1b:K1385N,0.00980392156862745,102
13769,~13770T,aa:orf1b:M101I,0.006211180124223602,161
1301,~1302A,aa:orf1a:T346N,0.015384615384615385,65
1293,~1294A,aa:orf1a:F343L,0.015151515151515152,66
22010,~22011C,aa:S:K150T,0.9821428571428582,56
13213,~13214T,aa:orf1a:D4317Y,0.005405405405405406,185
9698,~9699A,aa:orf1a:I3145N,0.011627906976744186,172
20508,~20509C,T20509C,0.02702702702702703,37
8331,~8332C,T8332C,0.008771929824561403,114
18821,~18822A,aa:orf1b:C1785*,0.013513513513513514,74
11554,~11555T,aa:orf1a:E3764*,0.05263157894736842,38
18270,~18271T,aa:orf1b:E1602*,0.029411764705882353,68
21731,~21732A,aa:S:P57H,0.02040816326530612,49
11793,~11794G,A11794G,0.16666666666666666,6
11926,~11927C,aa:orf1a:W3888R,0.2,5
13444,~13445C,aa:orf1a:A4394P,0.006993006993006993,143
13444,~13445T,aa:orf1a:A4394S,0.006993006993006993,143
29276,~29277T,aa:N:G335V,0.02,50
15450,~15451T,aa:orf1b:G662C,0.09090909090909091,11
19132,~19133T,aa:orf1b:E1889V,0.0035971223021582736,278
19132,~19133G,aa:orf1b:E1889G,0.0035971223021582736,278
19135,~19136A,aa:orf1b:L1890*,0.007272727272727273,275
18985,~18986C,aa:orf1b:V1840A,0.004016064257028112,249
14597,~14598A,aa:orf1b:N377K,0.006514657980456026,307
14597,~14598C,T14598C,0.003257328990228013,307
10946,~10947T,aa:orf1a:R3561I,0.05555555555555555,18
10823,~10824A,aa:orf1a:T3520N,0.058823529411764705,17
6917,~6918C,aa:orf1a:L2218S,0.006756756756756757,148
13788,~13789A,aa:orf1b:Q108K,0.014184397163120567,141
6245,~6246A,aa:orf1a:V1994D,0.034482758620689655,29
6033,~6034T,A6034T,0.023809523809523808,84
8245,~8246A,aa:orf1a:S2661T,0.025,40
8241,~8242A,aa:orf1a:H2659Q,0.025,40
8241,~8242C,T8242C,0.025,40
23021,~23022T,aa:S:N487I,0.0196078431372549,51
2962,~2963G,aa:orf1a:W900G,0.001841620626151013,543
236,~237T,G237T,0.1,20
267,~268T,aa:orf1a:M1I,0.05263157894736842,19
9580,~9581A,aa:orf1a:S3106T,0.006493506493506494,154
4595,~4596A,aa:orf1a:T1444N,0.013888888888888888,72
8248,~8249C,aa:orf1a:D2662H,0.025,40
8248,~8249T,aa:orf1a:D2662Y,0.025,40
4416,~4417G,A4417G,0.014925373134328358,67
26760,~26761A,aa:M:I80N,0.004166666666666667,480
26760,~26761C,aa:M:I80T,0.0020833333333333333,480
26836,~26837A,T26837A,0.002145922746781116,466
26836,~26837G,T26837G,0.002145922746781116,466
26836,~26837C,T26837C,0.002145922746781116,466
26828,~26829C,aa:M:F103L,0.004273504273504274,468
26828,~26829A,aa:M:F103I,0.002136752136752137,468
2940,~2941G,A2941G,0.001869158878504673,535
26582,~26583C,aa:M:N21H,0.014705882352941176,68
26942,~26943T,aa:M:G141*,0.004878048780487805,205
26673,~26674C,aa:M:L51S,0.0027548209366391185,363
26673,~26674A,aa:M:L51*,0.0027548209366391185,363
13675,~13676T,aa:orf1b:N70I,0.004784688995215311,209
13675,~13676G,aa:orf1b:N70S,0.004784688995215311,209
4473,~4474T,aa:orf1a:Q1403H,0.011764705882352941,85
3044,~3045A,aa:orf1a:P927Q,0.0018975332068311196,527
9611,~9612C,aa:orf1a:L3116P,0.00558659217877095,179
18505,~18506T,aa:orf1b:G1680V,0.0043859649122807015,228
18562,~18563T,aa:orf1b:K1699I,0.006172839506172839,162
13808,~13809T,A13809T,0.017857142857142856,112
13808,~13809G,A13809G,0.008928571428571428,112
13812,~13813T,aa:orf1b:A116S,0.009615384615384616,104
7500,~7501A,aa:orf1a:C2412*,0.05128205128205128,39
25115,~25116A,aa:S:R1185H,0.019230769230769232,52
25115,~25116T,aa:S:R1185L,0.019230769230769232,52
24915,~24916A,aa:S:D1118E,0.05263157894736842,19
17637,~17638A,aa:orf1b:S1391T,0.008547008547008548,117
18340,~18341A,aa:orf1b:V1625D,0.005747126436781609,174
4537,~4538A,aa:orf1a:Y1425N,0.012345679012345678,81
21143,~21144A,T21144A,0.023255813953488372,43
21163,~21164A,aa:orf1b:I2566K,0.022727272727272728,44
25131,~25132A,C25132A,0.01694915254237288,59
25156,~25157T,aa:S:D1199Y,0.014925373134328358,67
2908,~2909G,aa:orf1a:T882A,0.004140786749482402,483
2908,~2909T,aa:orf1a:T882S,0.002070393374741201,483
2923,~2924G,aa:orf1a:S887A,0.001937984496124031,516
2923,~2924A,aa:orf1a:S887T,0.001937984496124031,516
2841,~2842A,C2842A,0.003861003861003861,259
2911,~2912A,aa:orf1a:L883M,0.004073319755600814,491
3120,~3121T,aa:orf1a:E952D,0.0031545741324921135,317
4135,~4136T,aa:orf1a:V1291F,1.0,16
4254,~4255A,G4255A,0.9473684210526312,19
4091,~4092C,aa:orf1a:I1276T,0.9999999999999997,14
26694,~26695T,aa:M:W58L,0.0071428571428571435,420
13715,~13716A,aa:orf1b:D83E,0.004694835680751174,213
13562,~13563T,aa:orf1b:K32N,0.006211180124223602,161
7086,~7087A,T7087A,0.009615384615384616,104
25722,~25723A,aa:orf3a:L111I,0.06666666666666667,15
25579,~25580A,aa:orf3a:I63K,0.01694915254237288,59
26746,~26747T,aa:M:W75C,0.0020491803278688526,488
26878,~26879A,T26879A,0.005434782608695652,368
26878,~26879C,T26879C,0.002717391304347826,368
26878,~26879G,T26879G,0.002717391304347826,368
13313,~13314A,aa:orf1a:V4350E,0.004739336492890996,211
13179,~13180A,T13180A,0.006944444444444444,144
13179,~13180G,T13180G,0.006944444444444444,144
2972,~2973G,aa:orf1a:A903G,0.0018214936247723133,549
2972,~2973A,aa:orf1a:A903D,0.0036429872495446266,549
2943,~2944T,G2944T,0.003745318352059925,534
2893,~2894T,aa:orf1a:D877Y,0.0022624434389140274,442
26351,~26352T,G26352T,0.02702702702702703,37
2980,~2981C,aa:orf1a:Y906H,0.0018214936247723133,549
2980,~2981G,aa:orf1a:Y906D,0.0018214936247723133,549
17787,~17788A,aa:orf1b:Q1441K,0.01694915254237288,118
27159,~27160T,aa:M:S213I,0.02,50
12345,~12346A,aa:orf1a:S4027R,0.025,80
26879,~26880A,aa:M:L120I,0.0027247956403269754,367
9807,~9808A,aa:orf1a:C3181*,0.020833333333333332,96
9634,~9635T,aa:orf1a:A3124S,0.005649717514124294,177
4249,~4250C,aa:orf1a:Y1329H,0.05263157894736842,19
22317,~22318C,T22318C,0.004545454545454545,220
22995,~22996T,A22996T,0.017543859649122806,57
23063,~23064T,aa:S:N501I,0.06060606060606061,33
1601,~1602C,aa:orf1a:L446P,0.017857142857142856,56
15029,~15030A,aa:orf1b:Y521*,0.014285714285714285,70
4543,~4544C,aa:orf1a:S1427R,0.011764705882352941,85
4606,~4607T,aa:orf1a:M1448L,0.014705882352941176,68
16297,~16298T,aa:orf1b:R944L,0.045454545454545456,22
7743,~7744C,T7744C,0.038461538461538464,26
8509,~8510A,aa:orf1a:Q2749K,0.003289473684210526,304
26833,~26834T,G26834T,0.0021691973969631237,461
21950,~21951A,aa:S:V130D,0.023809523809523808,42
22021,~22022C,aa:S:E154Q,0.018518518518518517,54
21956,~21957G,aa:S:E132G,0.023809523809523808,42
21946,~21947G,aa:S:K129E,0.023809523809523808,42
21913,~21914A,aa:S:L118I,0.03125,32
22008,~22009A,aa:S:N149K,0.017857142857142856,56
2771,~2772T,aa:orf1a:Y836F,0.021739130434782608,46
6203,~6204G,aa:orf1a:K1980R,0.021739130434782608,46
13453,~13454A,aa:orf1a:Q4397K,0.023809523809523808,126
18470,~18471A,aa:orf1b:D1668E,0.008968609865470852,223
18568,~18569G,aa:orf1b:L1701R,0.006134969325153374,163
5893,~5894T,aa:orf1a:I1877L,0.03333333333333333,30
5790,~5791T,aa:orf1a:K1842N,0.034482758620689655,29
5884,~5885T,aa:orf1a:T1874S,0.038461538461538464,26
5848,~5849A,aa:orf1a:P1862T,0.041666666666666664,24
5622,~5623A,T5623A,0.08333333333333333,12
5890,~5891T,aa:orf1a:T1876S,0.04,25
8531,~8532T,aa:orf1a:T2756I,0.0033333333333333335,300
8531,~8532A,aa:orf1a:T2756K,0.0033333333333333335,300
14472,~14473T,aa:orf1b:G336*,0.0035587188612099642,281
8341,~8342T,aa:orf1a:D2693Y,0.007462686567164179,134
8485,~8486G,aa:orf1a:K2741E,0.006802721088435374,294
18653,~18654A,C18654A,0.02040816326530612,49
6904,~6905C,aa:orf1a:S2214P,0.006756756756756757,148
7077,~7078T,aa:orf1a:L2271F,0.018018018018018018,111
21790,~21791G,aa:S:K77E,0.022222222222222223,45
19821,~19822T,aa:orf1b:E2119*,0.045454545454545456,22
19800,~19801A,aa:orf1b:R2112S,0.038461538461538464,26
19702,~19703T,aa:orf1b:N2079I,0.038461538461538464,26
14118,~14119A,aa:orf1b:P218T,0.05,20
3135,~3136C,T3136C,0.003937007874015748,254
13314,~13315T,A13315T,0.0047169811320754715,212
26782,~26783A,T26783A,0.0021008403361344537,476
26586,~26587C,aa:M:L22P,0.02631578947368421,76
26586,~26587G,aa:M:L22R,0.013157894736842105,76
18442,~18443T,aa:orf1b:R1659I,0.004464285714285714,224
8522,~8523C,aa:orf1a:V2753A,0.003355704697986577,298
8522,~8523A,aa:orf1a:V2753D,0.003355704697986577,298
20743,~20744T,aa:orf1b:N2426I,0.041666666666666664,24
18584,~18585G,A18585G,0.006622516556291391,151
26743,~26744C,T26744C,0.004073319755600814,491
18503,~18504T,aa:orf1b:K1679N,0.004347826086956522,230
21646,~21647G,aa:S:T29A,0.012345679012345678,81
3164,~3165A,aa:orf1a:A967D,0.015503875968992248,129
14361,~14362A,aa:orf1b:L299M,0.013333333333333334,75
14711,~14712T,G14712T,0.009615384615384616,104
13631,~13632A,aa:orf1b:N55K,0.004830917874396135,207
28587,~28588A,aa:N:S105R,0.04,25
28346,~28347T,aa:N:G25V,0.009345794392523364,107
4943,~4944A,aa:orf1a:L1560H,0.045454545454545456,22
18846,~18847T,aa:orf1b:A1794S,0.014925373134328358,67
18813,~18814A,aa:orf1b:L1783M,0.013333333333333334,75
18838,~18839A,aa:orf1b:A1791E,0.014285714285714285,70
2575,~2576T,aa:orf1a:S771C,0.02631578947368421,38
14539,~14540C,aa:orf1b:S358T,0.0033333333333333335,300
14539,~14540T,aa:orf1b:S358I,0.0033333333333333335,300
14537,~14538C,T14538C,0.0033222591362126247,301
14566,~14567A,aa:orf1b:A367D,0.0033112582781456954,302
5998,~5999G,aa:orf1a:I1912V,0.0136986301369863,73
5993,~5994T,aa:orf1a:Q1910L,0.014084507042253521,71
5939,~5940G,aa:orf1a:I1892S,0.025,40
13206,~13207A,C13207A,0.005714285714285714,175
22169,~22170C,aa:S:I203T,0.005076142131979695,197
6002,~6003T,aa:orf1a:D1913V,0.013513513513513514,74
5992,~5993A,aa:orf1a:Q1910K,0.028169014084507043,71
11648,~11649C,aa:orf1a:G3795A,0.041666666666666664,24
2704,~2705T,aa:orf1a:T814S,0.017241379310344827,58
28472,~28473A,aa:N:P67H,0.011904761904761904,84
2966,~2967T,aa:orf1a:S901I,0.005555555555555556,540
4224,~4225T,G4225T,0.05555555555555555,18
19067,~19068T,aa:orf1b:Q1867H,0.011450381679389313,262
16304,~16305G,A16305G,0.041666666666666664,24
3188,~3189T,aa:orf1a:Q975L,0.027777777777777776,36
3121,~3122T,aa:orf1a:D953Y,0.012698412698412698,315
4469,~4470C,aa:orf1a:I1402T,0.011764705882352941,85
4485,~4486T,aa:orf1a:K1407N,0.012048192771084338,83
4584,~4585A,aa:orf1a:D1440E,0.013513513513513514,74
2939,~2940T,aa:orf1a:P892L,0.0018726591760299626,534
3142,~3143A,aa:orf1a:L960M,0.004405286343612335,227
12739,~12740G,aa:orf1a:T4159A,0.043478260869565216,23
3545,~3546G,aa:orf1a:N1094S,0.014084507042253521,71
3588,~3589G,aa:orf1a:H1108Q,0.014705882352941176,68
12942,~12943T,aa:orf1a:K4226N,0.015873015873015872,63
12946,~12947C,T12947C,0.015384615384615385,65
13161,~13162C,T13162C,0.0072992700729927005,137
13161,~13162A,aa:orf1a:C4299*,0.0072992700729927005,137
17443,~17444A,aa:orf1b:A1326D,0.007874015748031496,127
8649,~8650A,C8650A,0.005050505050505051,198
23583,~23584C,T23584C,0.05263157894736842,19
17427,~17428A,aa:orf1b:Y1321N,0.008695652173913044,115
17454,~17455T,aa:orf1b:A1330S,0.007518796992481203,133
2919,~2920G,A2920G,0.0019723865877712033,507
2948,~2949A,aa:orf1a:I895N,0.005649717514124294,531
8487,~8488T,aa:orf1a:K2741N,0.0033783783783783786,296
8353,~8354A,aa:orf1a:R2697S,0.005988023952095809,167
289,~290T,aa:orf1a:N9Y,0.05,20
6410,~6411T,aa:orf1a:E2049V,0.9999999999999998,7
6283,~6284G,aa:orf1a:T2007A,0.125,8
18766,~18767T,aa:orf1b:D1767V,0.014925373134328358,67
7115,~7116T,aa:orf1a:G2284V,0.014925373134328358,67
14116,~14117A,aa:orf1b:T217K,0.05,20
19260,~19261T,aa:orf1b:N1932Y,0.014705882352941176,68
12388,~12389C,aa:orf1a:N4042H,0.009433962264150943,106
13573,~13574A,aa:orf1b:F36Y,0.005649717514124294,177
17792,~17793A,aa:orf1b:N1442K,0.008547008547008548,117
14714,~14715G,T14715G,0.00980392156862745,102
26658,~26659C,aa:M:L46S,0.006493506493506494,308
26801,~26802G,aa:M:S94G,0.004329004329004329,462
26801,~26802T,aa:M:S94C,0.0021645021645021645,462
13716,~13717A,aa:orf1b:C84S,0.0047169811320754715,212
4674,~4675G,A4675G,0.034482758620689655,29
12880,~12881A,aa:orf1a:Y4206N,0.0196078431372549,51
8462,~8463A,aa:orf1a:A2733D,0.006688963210702341,299
8558,~8559A,aa:orf1a:I2765N,0.006600660066006601,303
8359,~8360T,aa:orf1a:I2699F,0.005681818181818182,176
8359,~8360G,aa:orf1a:I2699V,0.005681818181818182,176
8686,~8687T,aa:orf1a:G2808*,0.018518518518518517,108
8665,~8666C,aa:orf1a:D2801H,0.006493506493506494,154
22101,~22102T,aa:S:E180D,0.0125,80
11360,~11361G,aa:orf1a:T3699S,0.05,20
8372,~8373G,aa:orf1a:V2703G,0.005235602094240838,191
8588,~8589G,aa:orf1a:K2775R,0.0035460992907801418,282
28381,~28382C,aa:N:S37P,0.01098901098901099,91
20087,~20088A,T20088A,0.07692307692307693,13
20045,~20046C,T20046C,0.06666666666666667,15
17345,~17346G,aa:orf1b:I1293M,0.023255813953488372,43
13629,~13630G,aa:orf1b:N55D,0.004761904761904762,210
13570,~13571T,aa:orf1b:G35V,0.005813953488372093,172
8628,~8629C,T8629C,0.00423728813559322,236
13162,~13163T,aa:orf1a:T4300S,0.007352941176470588,136
23322,~23323C,T23323C,0.9999999999999998,7
23110,~23111A,aa:S:L517I,0.0625,16
22980,~22981A,aa:S:Y473*,0.01818181818181818,55
13701,~13702T,aa:orf1b:N79Y,0.004672897196261682,214
13701,~13702G,aa:orf1b:N79D,0.004672897196261682,214
13759,~13760T,aa:orf1b:D98V,0.005952380952380952,168
13543,~13544A,aa:orf1b:F26Y,0.007633587786259542,131
22239,~22240T,aa:S:L226F,0.004081632653061225,245
22179,~22180T,aa:S:K206N,0.004784688995215311,209
25434,~25435C,T25435C,0.015384615384615385,65
11657,~11658T,aa:orf1a:C3798F,0.05263157894736842,19
11506,~11507T,aa:orf1a:V3748F,0.02564102564102564,39
26657,~26658A,aa:M:L46M,0.0032679738562091504,306
26822,~26823T,aa:M:R101*,0.002150537634408602,465
13240,~13241A,aa:orf1a:C4326S,0.0053475935828877,187
13240,~13241C,aa:orf1a:C4326R,0.0053475935828877,187
13253,~13254T,aa:orf1a:C4330F,0.0049504950495049506,202
2637,~2638A,C2638A,0.017241379310344827,58
2581,~2582T,aa:orf1a:A773S,0.023255813953488372,43
2523,~2524T,A2524T,0.05555555555555555,18
2630,~2631C,aa:orf1a:M789T,0.017543859649122806,57
2554,~2555A,aa:orf1a:Q764K,0.037037037037037035,27
25211,~25212T,aa:S:W1217L,0.013333333333333334,75
25294,~25295G,aa:S:K1245E,0.025974025974025976,77
14623,~14624T,aa:orf1b:C386F,0.0036363636363636364,275
14544,~14545T,aa:orf1b:K360*,0.0033333333333333335,300
14639,~14640G,A14640G,0.008064516129032258,248
14639,~14640T,A14640T,0.004032258064516129,248
14531,~14532A,T14532A,0.003289473684210526,304
14531,~14532C,T14532C,0.003289473684210526,304
14564,~14565A,T14565A,0.0033003300330033004,303
8622,~8623A,T8623A,0.008264462809917356,242
26646,~26647T,aa:M:R42M,0.007246376811594203,276
9578,~9579G,aa:orf1a:Y3105C,0.006535947712418301,153
11479,~11480A,aa:orf1a:S3739T,0.05714285714285714,35
11389,~11390A,aa:orf1a:W3709R,0.03571428571428571,28
11414,~11415A,aa:orf1a:L3717H,0.03225806451612903,31
11442,~11443A,T11443A,0.027777777777777776,36
8755,~8756A,aa:orf1a:H2831N,0.03225806451612903,31
10301,~10302C,aa:orf1a:Q3346P,0.020833333333333332,48
10257,~10258T,A10258T,0.017543859649122806,57
10333,~10334T,aa:orf1a:A3357S,0.0196078431372549,51
10274,~10275G,aa:orf1a:Q3337R,0.0196078431372549,51
26961,~26962T,aa:M:G147V,0.007194244604316547,139
27233,~27234G,aa:orf6:I11M,0.030303030303030304,33
27015,~27016A,aa:M:P165H,0.017857142857142856,56
27021,~27022G,aa:M:E167G,0.017857142857142856,56
12362,~12363G,aa:orf1a:L4033R,0.010526315789473684,95
12533,~12534A,aa:orf1a:T4090N,0.01020408163265306,98
12596,~12597A,aa:orf1a:L4111H,0.015384615384615385,65
12596,~12597C,aa:orf1a:L4111P,0.015384615384615385,65
4683,~4684C,T4684C,0.041666666666666664,24
22387,~22388A,aa:S:L276I,0.016853932584269662,178
19042,~19043A,aa:orf1b:P1859H,0.003787878787878788,264
24161,~24162T,aa:S:D867V,0.1,10
18469,~18470G,aa:orf1b:D1668G,0.0045045045045045045,222
18469,~18470T,aa:orf1b:D1668V,0.0045045045045045045,222
18508,~18509A,aa:orf1b:L1681H,0.009009009009009009,222
18536,~18537C,T18537C,0.005208333333333333,192
18536,~18537A,T18537A,0.010416666666666666,192
18323,~18324C,T18324C,0.006493506493506494,154
18323,~18324A,aa:orf1b:H1619Q,0.006493506493506494,154
18471,~18472A,aa:orf1b:Q1669K,0.0045045045045045045,222
3103,~3104A,aa:orf1a:Y947N,0.005376344086021506,372
3011,~3012A,aa:orf1a:L916*,0.0018315018315018315,546
3011,~3012C,aa:orf1a:L916S,0.003663003663003663,546
3074,~3075G,aa:orf1a:E937G,0.006410256410256411,468
3074,~3075T,aa:orf1a:E937V,0.002136752136752137,468
3118,~3119T,aa:orf1a:E952*,0.003076923076923077,325
3118,~3119C,aa:orf1a:E952Q,0.003076923076923077,325
3089,~3090T,aa:orf1a:E942V,0.0023923444976076554,418
3089,~3090G,aa:orf1a:E942G,0.004784688995215311,418
3098,~3099A,aa:orf1a:T945N,0.005221932114882507,383
3090,~3091T,aa:orf1a:E942D,0.004819277108433735,415
3078,~3079T,aa:orf1a:E938D,0.004424778761061947,452
18956,~18957C,T18957C,0.005,200
2924,~2925T,aa:orf1a:S887F,0.0019267822736030828,519
25231,~25232A,aa:S:L1224M,0.013333333333333334,75
14660,~14661A,aa:orf1b:F398L,0.004784688995215311,209
3949,~3950T,aa:orf1a:D1229Y,0.016129032258064516,62
3840,~3841T,aa:orf1a:E1192D,0.01694915254237288,59
6981,~6982T,C6982T,0.006493506493506494,154
27013,~27014A,G27014A,0.01818181818181818,55
27179,~27180A,aa:M:L220I,0.025,40
27193,~27194T,G27194T,0.02631578947368421,38
13523,~13524G,T13524G,0.008849557522123894,113
13535,~13536A,aa:orf1b:Y23*,0.009174311926605505,109
13679,~13680A,aa:orf1b:Y71*,0.004694835680751174,213
18563,~18564G,A18564G,0.006211180124223602,161
19047,~19048T,aa:orf1b:A1861S,0.003787878787878788,264
25138,~25139A,aa:S:L1193I,0.015625,64
25364,~25365C,aa:S:V1268A,0.012345679012345678,81
21600,~21601C,T21601C,0.010638297872340425,94
21825,~21826A,aa:S:D88E,0.02857142857142857,35
2954,~2955A,aa:orf1a:L897*,0.005514705882352941,544
2954,~2955C,aa:orf1a:L897S,0.001838235294117647,544
1775,~1776G,aa:orf1a:E504G,0.016129032258064516,62
2138,~2139T,aa:orf1a:K625I,0.030303030303030304,33
2016,~2017T,aa:orf1a:M584I,0.02564102564102564,39
1969,~1970G,aa:orf1a:I569V,0.02702702702702703,37
2005,~2006T,aa:orf1a:I581F,0.023255813953488372,43
1973,~1974A,aa:orf1a:L570Q,0.02631578947368421,38
20698,~20699C,aa:orf1b:L2411P,0.03333333333333333,30
17439,~17440A,aa:orf1b:P1325T,0.016260162601626018,123
6846,~6847T,aa:orf1a:M2194I,0.015625,128
6872,~6873A,aa:orf1a:V2203D,0.007194244604316547,139
6798,~6799T,aa:orf1a:Q2178H,0.01098901098901099,91
16033,~16034T,aa:orf1b:D856V,0.07142857142857142,14
15959,~15960T,C15960T,1.0000000000000002,11
18210,~18211G,aa:orf1b:M1582V,0.07142857142857142,14
18168,~18169T,aa:orf1b:G1568C,0.058823529411764705,17
5152,~5153T,aa:orf1a:E1630*,0.020833333333333332,48
5251,~5252C,aa:orf1a:G1663R,0.03571428571428571,28
16049,~16050A,T16050A,0.06666666666666667,15
26693,~26694C,aa:M:W58R,0.0023923444976076554,418
26693,~26694A,aa:M:W58R,0.004784688995215311,418
18980,~18981G,aa:orf1b:H1838Q,0.0041841004184100415,239
18980,~18981A,aa:orf1b:H1838Q,0.0041841004184100415,239
19096,~19097G,aa:orf1b:A1877G,0.003816793893129771,262
19158,~19159A,aa:orf1b:S1898T,0.00390625,256
19158,~19159G,aa:orf1b:S1898A,0.00390625,256
17955,~17956A,aa:orf1b:C1497S,0.02702702702702703,74
17955,~17956C,aa:orf1b:C1497R,0.013513513513513514,74
17726,~17727G,A17727G,0.009615384615384616,104
14500,~14501A,aa:orf1b:V345E,0.003389830508474576,295
14500,~14501C,aa:orf1b:V345A,0.003389830508474576,295
9745,~9746A,aa:orf1a:L3161I,0.006329113924050633,158
22227,~22228C,T22228C,0.0041841004184100415,239
22222,~22223C,aa:S:S221P,0.00423728813559322,236
8420,~8421C,aa:orf1a:M2719T,0.0037593984962406013,266
8312,~8313C,aa:orf1a:M2683T,0.017543859649122806,57
27011,~27012A,aa:M:L164M,0.01818181818181818,55
24639,~24640C,T24640C,0.03225806451612903,31
24674,~24675T,aa:S:K1038I,0.03225806451612903,31
14625,~14626A,aa:orf1b:F387I,0.003663003663003663,273
9556,~9557C,aa:orf1a:Y3098H,0.007692307692307693,130
3359,~3360C,aa:orf1a:L1032S,0.1,10
22225,~22226T,aa:S:A222S,0.008438818565400843,237
12297,~12298T,aa:orf1a:Q4011H,0.03278688524590164,61
12386,~12387T,aa:orf1a:D4041V,0.009708737864077669,103
12280,~12281T,aa:orf1a:D4006Y,0.0425531914893617,47
9721,~9722A,aa:orf1a:F3153I,0.005714285714285714,175
13310,~13311T,aa:orf1a:Y4349F,0.004761904761904762,210
11551,~11552T,aa:orf1a:V3763F,0.02564102564102564,39
26779,~26780C,T26780C,0.0041928721174004195,477
26779,~26780A,aa:M:C86*,0.0020964360587002098,477
19010,~19011A,aa:orf1b:D1848E,0.007326007326007326,273
18953,~18954A,T18954A,0.005076142131979695,197
18953,~18954C,T18954C,0.005076142131979695,197
25492,~25493A,aa:orf3a:T34K,0.016129032258064516,62
7096,~7097T,aa:orf1a:I2278F,0.011235955056179775,89
3003,~3004T,aa:orf1a:E913D,0.001841620626151013,543
2753,~2754A,aa:orf1a:V830E,0.019230769230769232,52
2797,~2798A,aa:orf1a:L845I,0.00909090909090909,110
19079,~19080G,A19080G,0.007575757575757576,264
18890,~18891C,aa:orf1b:E1808D,0.008547008547008548,117
3794,~3795C,aa:orf1a:V1177A,0.020833333333333332,48
8529,~8530G,A8530G,0.0033444816053511705,299
8456,~8457T,aa:orf1a:S2731I,0.0033003300330033004,303
5788,~5789T,aa:orf1a:K1842*,0.034482758620689655,29
5789,~5790G,aa:orf1a:K1842R,0.034482758620689655,29
5796,~5797A,T5797A,0.034482758620689655,29
5805,~5806A,aa:orf1a:C1847*,0.03571428571428571,28
28970,~28971G,aa:N:K233R,0.03333333333333333,30
8781,~8782A,aa:orf1a:S2839R,0.030303030303030304,33
9738,~9739A,aa:orf1a:S3158R,0.006134969325153374,163
26834,~26835A,aa:M:R105S,0.0021645021645021645,462
18002,~18003C,T18003C,0.022727272727272728,44
13740,~13741A,aa:orf1b:F92I,0.005208333333333333,192
18943,~18944G,aa:orf1b:E1826G,0.0051813471502590676,193
18943,~18944T,aa:orf1b:E1826V,0.0051813471502590676,193
17622,~17623C,aa:orf1b:A1386P,0.009900990099009901,101
13377,~13378A,C13378A,0.004739336492890996,211
159,~160A,G160A,0.05263157894736842,19
325,~326A,aa:orf1a:L21I,0.058823529411764705,17
8589,~8590C,aa:orf1a:K2775N,0.0035842293906810036,279
26702,~26703T,aa:M:T61S,0.0023094688221709007,433
26702,~26703G,aa:M:T61A,0.0023094688221709007,433
26702,~26703C,aa:M:T61P,0.0023094688221709007,433
26786,~26787A,aa:M:G89S,0.002127659574468085,470
26786,~26787T,aa:M:G89C,0.002127659574468085,470
26765,~26766T,aa:M:I82F,0.002105263157894737,475
13144,~13145C,aa:orf1a:C4294R,0.00847457627118644,118
12575,~12576G,aa:orf1a:A4104G,0.012345679012345678,81
12586,~12587T,aa:orf1a:I4108F,0.014925373134328358,67
2937,~2938T,A2938T,0.0018656716417910447,536
3137,~3138C,aa:orf1a:K958T,0.008264462809917356,242
3137,~3138T,aa:orf1a:K958I,0.004132231404958678,242
8592,~8593C,T8593C,0.003703703703703704,270
8592,~8593A,T8593A,0.007407407407407408,270
25369,~25370A,aa:S:L1270I,0.012658227848101266,79
25395,~25396T,aa:orf3a:D2Y,0.013157894736842105,76
25416,~25417G,aa:orf3a:T9A,0.014285714285714285,70
6393,~6394A,aa:orf1a:D2043E,0.14285714285714285,7
9594,~9595T,aa:orf1a:L3110F,0.0058823529411764705,170
9602,~9603A,aa:orf1a:T3113K,0.005747126436781609,174
1783,~1784C,aa:orf1a:G507R,0.03333333333333333,60
26771,~26772T,aa:M:M84L,0.0020920502092050207,478
5140,~5141G,aa:orf1a:T1626A,0.021739130434782608,46
3010,~3011A,aa:orf1a:L916M,0.0018450184501845018,542
13291,~13292C,aa:orf1a:C4343R,0.004784688995215311,209
13326,~13327T,A13327T,0.0047169811320754715,212
21328,~21329C,aa:orf1b:M2621T,0.023255813953488372,43
21255,~21256C,aa:orf1b:S2597P,0.02702702702702703,37
21295,~21296T,aa:orf1b:G2610V,0.03225806451612903,31
13046,~13047G,aa:orf1a:P4261R,0.013888888888888888,72
13001,~13002C,aa:orf1a:L4246S,0.014084507042253521,71
22260,~22261C,T22261C,0.004405286343612335,227
8486,~8487T,aa:orf1a:K2741M,0.006756756756756757,296
8422,~8423A,aa:orf1a:S2720T,0.007380073800738007,271
9558,~9559A,aa:orf1a:Y3098*,0.007633587786259542,131
9805,~9806C,aa:orf1a:C3181R,0.02,100
9794,~9795T,aa:orf1a:E3177V,0.008695652173913044,115
2196,~2197A,aa:orf1a:D644E,0.043478260869565216,23
23926,~23927C,aa:S:Y789H,0.047619047619047616,21
25475,~25476C,T25476C,0.015625,64
25475,~25476A,aa:orf3a:F28L,0.015625,64
19001,~19002T,aa:orf1b:L1845F,0.003787878787878788,264
19021,~19022A,aa:orf1b:V1852D,0.007142857142857143,280
3848,~3849T,aa:orf1a:S1195I,0.017241379310344827,58
11424,~11425T,aa:orf1a:K3720N,0.03225806451612903,31
13177,~13178T,aa:orf1a:G4305C,0.006993006993006993,143
13218,~13219T,aa:orf1a:Q4318H,0.005494505494505495,182
13197,~13198G,A13198G,0.006289308176100629,159
18425,~18426C,T18426C,0.004366812227074236,229
17745,~17746A,aa:orf1b:P1427T,0.008849557522123894,113
8474,~8475T,aa:orf1a:N2737I,0.006711409395973154,298
27590,~27591G,T27591G,0.1,10
27578,~27579G,A27579G,1.0000000000000002,9
5006,~5007A,aa:orf1a:T1581K,0.030303030303030304,33
2821,~2822A,aa:orf1a:L853I,0.0053475935828877,187
26900,~26901T,aa:M:T127S,0.003278688524590164,305
18939,~18940T,aa:orf1b:D1825Y,0.010416666666666666,192
18906,~18907T,aa:orf1b:V1814F,0.013986013986013986,143
19110,~19111T,aa:orf1b:D1882Y,0.003676470588235294,272
17449,~17450C,aa:orf1b:L1328S,0.007751937984496124,129
17474,~17475A,T17475A,0.006896551724137931,145
3141,~3142C,T3142C,0.004329004329004329,231
3075,~3076T,aa:orf1a:E937D,0.0021551724137931034,464
9787,~9788C,aa:orf1a:F3175L,0.008,125
9787,~9788G,aa:orf1a:F3175V,0.008,125
25462,~25463A,aa:orf3a:T24N,0.01694915254237288,59
12446,~12447A,aa:orf1a:I4061K,0.009433962264150943,106
12357,~12358T,A12358T,0.01098901098901099,91
22177,~22178T,aa:S:K206*,0.0048543689320388345,206
22388,~22389C,aa:S:L276P,0.005649717514124294,177
22344,~22345A,T22345A,0.004545454545454545,220
28344,~28345A,T28345A,0.009345794392523364,107
14188,~14189A,aa:orf1b:A241D,0.05,20
3722,~3723A,aa:orf1a:I1153N,0.015873015873015872,63
21656,~21657G,aa:S:F32C,0.0125,80
28439,~28440C,aa:N:L56P,0.011627906976744186,86
19114,~19115T,aa:orf1b:K1883I,0.0036363636363636364,275
22219,~22220A,aa:S:F220I,0.004291845493562232,233
22220,~22221A,aa:S:F220Y,0.00425531914893617,235
22220,~22221C,aa:S:F220S,0.00425531914893617,235
8089,~8090A,aa:orf1a:L2609I,0.03125,32
23955,~23956A,T23956A,0.07142857142857142,14
23919,~23920T,aa:S:K786N,0.045454545454545456,22
19201,~19202T,aa:orf1b:N1912I,0.010050251256281407,199
17954,~17955C,T17955C,0.013333333333333334,75
6926,~6927A,aa:orf1a:P2221H,0.006711409395973154,149
6893,~6894T,aa:orf1a:C2210F,0.006711409395973154,149
13174,~13175T,aa:orf1a:T4304S,0.013986013986013986,143
13174,~13175G,aa:orf1a:T4304A,0.006993006993006993,143
7888,~7889A,aa:orf1a:V2542I,0.03225806451612903,31
7970,~7971A,aa:orf1a:I2569K,0.04,25
22002,~22003T,aa:S:K147N,0.018867924528301886,53
22120,~22121C,aa:S:K187Q,0.008130081300813009,123
12688,~12689T,aa:orf1a:N4142Y,0.038461538461538464,26
10928,~10929A,aa:orf1a:T3555K,0.0625,16
10920,~10921A,aa:orf1a:D3552E,0.0625,16
15145,~15146T,aa:orf1b:R560I,0.010526315789473684,95
15145,~15146A,aa:orf1b:R560K,0.010526315789473684,95
17673,~17674T,aa:orf1b:I1403F,0.01680672268907563,119
17673,~17674G,aa:orf1b:I1403V,0.008403361344537815,119
17856,~17857A,aa:orf1b:Y1464N,0.008849557522123894,113
23341,~23342T,aa:S:G594C,0.14285714285714285,7
19835,~19836A,C19836A,0.043478260869565216,23
19868,~19869A,T19869A,0.05263157894736842,19
26648,~26649C,aa:M:N43H,0.0035460992907801418,282
26648,~26649T,aa:M:N43Y,0.0035460992907801418,282
3065,~3066T,aa:orf1a:G934V,0.002070393374741201,483
3058,~3059T,aa:orf1a:E932*,0.001996007984031936,501
19257,~19258A,aa:orf1b:S1931T,0.013513513513513514,74
15040,~15041T,aa:orf1b:N525I,0.013333333333333334,75
15249,~15250C,aa:orf1b:T595P,0.0125,80
2600,~2601A,aa:orf1a:V779D,0.02,50
22331,~22332T,aa:S:G257V,0.004629629629629629,216
3025,~3026C,aa:orf1a:Y921H,0.003616636528028933,553
3032,~3033A,aa:orf1a:S923Y,0.005504587155963303,545
19228,~19229C,aa:orf1b:I1921T,0.006622516556291391,151
3438,~3439A,T3439A,0.02564102564102564,39
22268,~22269A,aa:S:T236N,0.004484304932735426,223
24275,~24276T,aa:S:R905M,0.045454545454545456,22
18552,~18553T,aa:orf1b:D1696Y,0.011299435028248588,177
18583,~18584C,aa:orf1b:V1706A,0.006578947368421052,152
26790,~26791A,aa:M:L90*,0.0021598272138228943,463
24578,~24579A,aa:S:T1006K,0.029411764705882353,34
18948,~18949T,aa:orf1b:K1828*,0.005208333333333333,192
21739,~21740A,aa:S:S60T,0.02,50
21791,~21792T,aa:S:K77M,0.022222222222222223,45
2982,~2983T,C2983T,0.0018181818181818182,550
2963,~2964T,aa:orf1a:W900L,0.0055248618784530384,543
23720,~23721A,aa:S:I720N,0.02702702702702703,37
3144,~3145T,aa:orf1a:L960F,0.013824884792626727,217
8441,~8442T,aa:orf1a:R2726L,0.003436426116838488,291
8441,~8442C,aa:orf1a:R2726P,0.003436426116838488,291
8441,~8442A,aa:orf1a:R2726Q,0.003436426116838488,291
8357,~8358G,aa:orf1a:H2698R,0.011494252873563218,174
8465,~8466G,aa:orf1a:K2734R,0.003401360544217687,294
9550,~9551A,aa:orf1a:P3096T,0.015873015873015872,126
8495,~8496T,aa:orf1a:C2744F,0.003401360544217687,294
26797,~26798T,aa:M:W92C,0.004329004329004329,462
26869,~26870A,T26870A,0.002617801047120419,382
26869,~26870C,T26870C,0.002617801047120419,382
26669,~26670G,aa:M:K50E,0.002849002849002849,351
26669,~26670C,aa:M:K50Q,0.002849002849002849,351
9203,~9204T,aa:orf1a:D2980V,0.020833333333333332,48
9175,~9176T,aa:orf1a:G2971C,0.01818181818181818,55
8613,~8614C,T8614C,0.00392156862745098,255
17391,~17392T,aa:orf1b:V1309F,0.011363636363636364,88
17407,~17408C,aa:orf1b:L1314S,0.010416666666666666,96
17425,~17426G,aa:orf1b:V1320G,0.008928571428571428,112
17425,~17426A,aa:orf1b:V1320E,0.008928571428571428,112
19990,~19991G,aa:orf1b:D2175G,0.05,20
26641,~26642A,C26642A,0.0078125,256
26747,~26748G,aa:M:I76V,0.004106776180698152,487
26897,~26898T,aa:M:G126C,0.0031545741324921135,317
25330,~25331T,aa:S:D1257Y,0.014285714285714285,70
19735,~19736C,aa:orf1b:D2090A,0.04,25
19773,~19774G,aa:orf1b:N2103D,0.03571428571428571,28
19769,~19770C,T19770C,0.03571428571428571,28
19746,~19747C,aa:orf1b:F2094L,0.03571428571428571,28
26538,~26539T,aa:M:G6V,0.021739130434782608,46
18347,~18348A,C18348A,0.010810810810810811,185
18399,~18400A,aa:orf1b:P1645T,0.0043859649122807015,228
4682,~4683A,aa:orf1a:A1473D,0.041666666666666664,24
29407,~29408T,aa:N:T379S,0.02127659574468085,47
29221,~29222T,aa:N:M317L,0.047619047619047616,42
13396,~13397T,aa:orf1a:G4378C,0.005128205128205128,195
13136,~13137A,aa:orf1a:I4291N,0.01,100
25971,~25972T,aa:orf3a:E194*,0.14285714285714285,7
12424,~12425T,aa:orf1a:D4054Y,0.009523809523809525,105
9707,~9708C,aa:orf1a:I3148T,0.0056179775280898875,178
9773,~9774A,aa:orf1a:V3170D,0.007575757575757576,132
2936,~2937A,aa:orf1a:T891K,0.007476635514018692,535
9799,~9800T,aa:orf1a:A3179S,0.008928571428571428,112
17552,~17553C,A17553C,0.007575757575757576,132
15553,~15554T,aa:orf1b:N696I,0.125,8
15397,~15398T,aa:orf1b:Y644F,0.07692307692307693,13
3594,~3595G,T3595G,0.014705882352941176,68
18305,~18306A,aa:orf1b:F1613L,0.007692307692307693,130
14961,~14962G,aa:orf1b:K499E,0.07692307692307693,26
14906,~14907C,T14907C,0.043478260869565216,23
14908,~14909A,aa:orf1b:A481D,0.043478260869565216,23
14985,~14986A,aa:orf1b:Y507N,0.02040816326530612,49
7524,~7525C,aa:orf1a:R2420S,0.023809523809523808,42
7675,~7676G,aa:orf1a:R2471G,0.02857142857142857,35
26592,~26593A,aa:M:I24K,0.022988505747126436,87
8683,~8684T,aa:orf1a:I2807L,0.008695652173913044,115
25232,~25233A,aa:S:L1224*,0.013333333333333334,75
26938,~26939G,A26939G,0.004672897196261682,214
2958,~2959A,aa:orf1a:D898E,0.0018484288354898336,541
9754,~9755A,aa:orf1a:R3164S,0.006711409395973154,149
7252,~7253T,aa:orf1a:A2330S,0.0625,16
8062,~8063G,aa:orf1a:S2600A,0.02631578947368421,38
18927,~18928A,aa:orf1b:P1821T,0.0058823529411764705,170
19154,~19155G,A19155G,0.007751937984496124,258
14572,~14573G,aa:orf1b:P369R,0.0033112582781456954,302
14572,~14573A,aa:orf1b:P369H,0.0033112582781456954,302
11547,~11548T,aa:orf1a:M3761I,0.02631578947368421,38
13589,~13590G,A13590G,0.005128205128205128,195
26589,~26590A,aa:M:V23E,0.01282051282051282,78
13261,~13262A,aa:orf1a:H4333N,0.004784688995215311,209
13513,~13514T,aa:orf1b:G16V,0.007692307692307693,130
2879,~2880A,aa:orf1a:A872D,0.002531645569620253,395
6011,~6012A,aa:orf1a:P1916Q,0.01282051282051282,78
20841,~20842A,aa:orf1b:P2459T,0.09090909090909091,11
8582,~8583A,aa:orf1a:L2773*,0.003472222222222222,288
8604,~8605A,aa:orf1a:F2780L,0.0038461538461538464,260
8547,~8548T,aa:orf1a:K2761N,0.006756756756756757,296
16181,~16182A,G16182A,0.043478260869565216,23
16181,~16182T,aa:orf1b:R905S,0.043478260869565216,23
18402,~18403G,aa:orf1b:T1646A,0.008771929824561403,228
8637,~8638G,A8638G,0.004484304932735426,223
8637,~8638T,A8638T,0.004484304932735426,223
18441,~18442T,aa:orf1b:R1659*,0.0044444444444444444,225
14558,~14559A,G14559A,0.0033003300330033004,303
13725,~13726T,aa:orf1b:V87F,0.0049504950495049506,202
13841,~13842C,T13842C,0.018867924528301886,53
3863,~3864T,aa:orf1a:E1200V,0.01639344262295082,61
3820,~3821T,aa:orf1a:L1186F,0.018518518518518517,54
22201,~22202G,aa:S:R214G,0.0043859649122807015,228
22201,~22202A,aa:S:R214S,0.0043859649122807015,228
22201,~22202T,aa:S:R214C,0.0043859649122807015,228
22199,~22200A,aa:S:V213E,0.004424778761061947,226
13312,~13313T,aa:orf1a:V4350L,0.004761904761904762,210
8482,~8483C,aa:orf1a:F2740L,0.003424657534246575,292
8482,~8483G,aa:orf1a:F2740V,0.003424657534246575,292
8058,~8059C,T8059C,0.02702702702702703,37
8058,~8059A,aa:orf1a:F2598L,0.02702702702702703,37
4004,~4005G,aa:orf1a:K1247R,0.022222222222222223,45
3843,~3844T,aa:orf1a:M1193I,0.017543859649122806,57
9603,~9604G,A9604G,0.011494252873563218,174
9029,~9030C,aa:orf1a:F2922S,0.02127659574468085,47
9933,~9934G,A9934G,0.047619047619047616,21
7987,~7988T,aa:orf1a:A2575S,0.04,25
7847,~7848T,aa:orf1a:R2528I,0.03571428571428571,28
18535,~18536A,aa:orf1b:I1690N,0.005208333333333333,192
18535,~18536C,aa:orf1b:I1690T,0.005208333333333333,192
8405,~8406T,aa:orf1a:N2714I,0.008032128514056224,249
15014,~15015A,aa:orf1b:D516E,0.014084507042253521,71
15327,~15328A,aa:orf1b:L621I,0.03333333333333333,30
28210,~28211T,aa:orf8:E106D,0.02,50
28165,~28166T,aa:orf8:Q91H,0.038461538461538464,26
7070,~7071T,aa:orf1a:G2269V,0.017094017094017096,117
24654,~24655T,aa:S:E1031D,0.03225806451612903,31
24512,~24513C,aa:S:L984P,0.04081632653061224,49
16825,~16826C,aa:orf1b:E1120A,0.027777777777777776,36
13771,~13772C,aa:orf1b:V102A,0.006211180124223602,161
13771,~13772A,aa:orf1b:V102E,0.006211180124223602,161
24206,~24207A,aa:S:I882N,0.1,10
24330,~24331C,T24331C,0.03225806451612903,31
2947,~2948T,aa:orf1a:I895F,0.0018726591760299626,534
2947,~2948G,aa:orf1a:I895V,0.0018726591760299626,534
25444,~25445T,aa:orf3a:G18V,0.03125,64
11455,~11456T,aa:orf1a:I3731F,0.02702702702702703,37
6782,~6783A,aa:orf1a:F2173Y,0.014705882352941176,68
3641,~3642T,aa:orf1a:E1126V,0.02702702702702703,74
22124,~22125T,aa:S:N188I,0.015503875968992248,129
23751,~23752C,T23752C,0.025,40
2827,~2828T,aa:orf1a:E855*,0.0048543689320388345,206
2827,~2828A,aa:orf1a:E855K,0.0048543689320388345,206
3040,~3041A,aa:orf1a:P926T,0.003780718336483932,529
8434,~8435A,aa:orf1a:Q2724K,0.006968641114982578,287
18898,~18899C,aa:orf1b:V1811A,0.007633587786259542,131
21351,~21352G,aa:orf1b:R2629G,0.019230769230769232,52
21347,~21348A,aa:orf1b:F2627L,0.019230769230769232,52
1696,~1697T,aa:orf1a:A478S,0.04918032786885246,61
8027,~8028A,aa:orf1a:V2588D,0.03225806451612903,31
8060,~8061A,aa:orf1a:S2599*,0.02702702702702703,37
8050,~8051T,aa:orf1a:N2596Y,0.02631578947368421,38
8007,~8008C,T8008C,0.041666666666666664,24
4398,~4399T,aa:orf1a:M1378I,0.017241379310344827,58
13488,~13489T,aa:orf1b:A8S,0.007352941176470588,136
13094,~13095A,aa:orf1a:A4277D,0.013513513513513514,74
13124,~13125T,aa:orf1a:G4287V,0.014492753623188406,69
13155,~13156T,aa:orf1a:M4297I,0.007518796992481203,133
14668,~14669C,aa:orf1b:V401A,0.0051813471502590676,193
14470,~14471T,aa:orf1b:T335I,0.0035971223021582736,278
14687,~14688A,aa:orf1b:N407K,0.006211180124223602,161
14664,~14665T,aa:orf1b:T400S,0.005025125628140704,199
14627,~14628A,aa:orf1b:F387L,0.01107011070110701,271
8301,~8302G,A8302G,0.03571428571428571,28
8301,~8302T,aa:orf1a:K2679N,0.03571428571428571,28
8108,~8109A,aa:orf1a:T2615N,0.027777777777777776,36
18603,~18604C,aa:orf1b:G1713R,0.008264462809917356,121
18416,~18417C,T18417C,0.004273504273504274,234
18416,~18417A,aa:orf1b:D1650E,0.008547008547008548,234
15247,~15248G,aa:orf1b:K594R,0.012658227848101266,79
15312,~15313T,aa:orf1b:A616S,0.025,40
3333,~3334A,T3334A,0.07692307692307693,13
2961,~2962T,aa:orf1a:E899D,0.005504587155963303,545
17493,~17494T,aa:orf1b:E1343*,0.007042253521126761,142
12299,~12300A,aa:orf1a:M4012K,0.01639344262295082,61
12329,~12330T,aa:orf1a:R4022M,0.013888888888888888,72
9768,~9769C,T9769C,0.0072992700729927005,137
29673,~29674T,aa:orf10:*39Y,0.043478260869565216,23
2975,~2976T,aa:orf1a:T904I,0.0018181818181818182,550
5945,~5946A,aa:orf1a:P1894H,0.024390243902439025,41
13821,~13822A,aa:orf1b:V119I,0.01098901098901099,91
8563,~8564G,aa:orf1a:N2767D,0.003278688524590164,305
8563,~8564T,aa:orf1a:N2767Y,0.006557377049180328,305
8428,~8429G,aa:orf1a:S2722A,0.0035714285714285713,280
3016,~3017C,aa:orf1a:S918P,0.001834862385321101,545
26841,~26842T,aa:M:R107L,0.0022123893805309734,452
18411,~18412C,aa:orf1b:V1649L,0.004366812227074236,229
14895,~14896T,aa:orf1b:G477C,0.04,25
18903,~18904A,aa:orf1b:R1813S,0.007142857142857143,140
18971,~18972T,aa:orf1b:K1835N,0.004608294930875576,217
8470,~8471G,aa:orf1a:N2736D,0.003389830508474576,295
29023,~29024T,aa:N:A251S,0.04,25
6764,~6765C,aa:orf1a:N2167T,0.02564102564102564,39
407,~408G,aa:orf1a:D48G,0.0625,16
26483,~26484G,A26484G,0.044444444444444446,45
18594,~18595A,aa:orf1b:W1710R,0.0072992700729927005,137
18580,~18581C,aa:orf1b:V1705A,0.006493506493506494,154
13459,~13460C,aa:orf1a:F4399L,0.008130081300813009,123
13306,~13307T,aa:orf1a:K4348*,0.004761904761904762,210
27145,~27146G,A27146G,0.018518518518518517,54
26963,~26964A,aa:M:H148N,0.007692307692307693,130
25640,~25641T,aa:orf3a:L83F,0.024390243902439025,41
13709,~13710C,T13710C,0.004608294930875576,217
7044,~7045A,T7045A,0.007874015748031496,127
7044,~7045C,T7045C,0.007874015748031496,127
12439,~12440A,aa:orf1a:L4059M,0.018867924528301886,106
22146,~22147T,aa:S:K195N,0.006134969325153374,163
8279,~8280G,aa:orf1a:N2672S,0.029411764705882353,34
18384,~18385G,aa:orf1b:N1640D,0.004524886877828055,221
18384,~18385T,aa:orf1b:N1640Y,0.004524886877828055,221
18534,~18535G,aa:orf1b:I1690V,0.0051813471502590676,193
18541,~18542T,aa:orf1b:Q1692L,0.005405405405405406,185
21672,~21673A,aa:S:Y37*,0.014705882352941176,68
12501,~12502T,A12502T,0.008849557522123894,113
28402,~28403T,aa:N:G44C,0.012195121951219513,82
18406,~18407T,aa:orf1b:G1647V,0.004405286343612335,227
18463,~18464G,aa:orf1b:P1666R,0.004484304932735426,223
18375,~18376T,aa:orf1b:T1637S,0.004807692307692308,208
18519,~18520T,aa:orf1b:V1685L,0.004807692307692308,208
12377,~12378A,aa:orf1a:R4038K,0.01020408163265306,98
1833,~1834A,T1834A,0.02127659574468085,47
14716,~14717T,aa:orf1b:K417M,0.010101010101010102,99
14540,~14541C,T14541C,0.0033444816053511705,299
14540,~14541A,aa:orf1b:S358R,0.0033444816053511705,299
19127,~19128T,A19128T,0.0035460992907801418,282
8541,~8542T,A8542T,0.003401360544217687,294
13365,~13366A,aa:orf1a:N4367K,0.009569377990430622,209
13365,~13366G,aa:orf1a:N4367K,0.004784688995215311,209
3790,~3791T,aa:orf1a:A1176S,0.02040816326530612,49
3839,~3840T,aa:orf1a:E1192V,0.017241379310344827,58
25405,~25406A,aa:orf3a:M5K,0.014492753623188406,69
25636,~25637T,aa:orf3a:N82I,0.022727272727272728,44
8602,~8603G,aa:orf1a:F2780V,0.0037735849056603774,265
26681,~26682A,aa:M:L54I,0.002570694087403599,389
19581,~19582T,aa:orf1b:D2039Y,0.041666666666666664,24
25256,~25257C,aa:S:I1232T,0.013333333333333334,75
21071,~21072A,aa:orf1b:N2535K,0.03571428571428571,28
12445,~12446T,aa:orf1a:I4061L,0.009433962264150943,106
22164,~22165A,aa:S:F201L,0.010638297872340425,188
20196,~20197C,aa:orf1b:Y2244H,0.038461538461538464,26
20381,~20382G,A20382G,0.038461538461538464,26
20248,~20249T,aa:orf1b:E2261V,0.04,25
3882,~3883C,T3883C,0.015873015873015872,63
3893,~3894T,aa:orf1a:E1210V,0.01694915254237288,59
6231,~6232G,T6232G,0.02857142857142857,35
3950,~3951T,aa:orf1a:D1229V,0.016129032258064516,62
3938,~3939T,aa:orf1a:R1225I,0.01639344262295082,61
13146,~13147A,aa:orf1a:C4294*,0.008264462809917356,121
13160,~13161T,aa:orf1a:C4299F,0.007407407407407408,135
12432,~12433C,T12433C,0.009433962264150943,106
2917,~2918T,aa:orf1a:P885S,0.0019880715705765406,503
2917,~2918A,aa:orf1a:P885T,0.003976143141153081,503
19189,~19190C,aa:orf1b:F1908S,0.004651162790697674,215
19050,~19051T,aa:orf1b:I1862F,0.00390625,256
11534,~11535T,aa:orf1a:G3757V,0.025,40
8609,~8610C,aa:orf1a:F2782S,0.0038461538461538464,260
8609,~8610A,aa:orf1a:F2782Y,0.007692307692307693,260
13590,~13591T,aa:orf1b:T42S,0.005076142131979695,197
10442,~10443A,aa:orf1a:M3393K,0.027777777777777776,36
3085,~3086C,aa:orf1a:F941L,0.0022935779816513763,436
2906,~2907T,aa:orf1a:K881I,0.0020964360587002098,477
2906,~2907G,aa:orf1a:K881R,0.0020964360587002098,477
9665,~9666A,aa:orf1a:P3134H,0.005555555555555556,180
19036,~19037T,aa:orf1b:G1857V,0.007434944237918215,269
18964,~18965T,aa:orf1b:C1833F,0.004784688995215311,209
24816,~24817G,A24817G,0.07692307692307693,13
24802,~24803G,aa:S:I1081V,0.06666666666666667,15
188,~189T,G189T,0.047619047619047616,21
3523,~3524C,aa:orf1a:S1087P,0.014705882352941176,68
28505,~28506T,aa:N:S78I,0.015625,64
14693,~14694T,C14694T,0.00684931506849315,146
8452,~8453T,aa:orf1a:R2730C,0.0033003300330033004,303
8452,~8453A,aa:orf1a:R2730S,0.0033003300330033004,303
1612,~1613T,aa:orf1a:L450F,0.017241379310344827,58
1606,~1607T,aa:orf1a:D448Y,0.03389830508474576,59
3411,~3412A,T3412A,0.038461538461538464,26
11588,~11589A,aa:orf1a:T3775K,0.03125,32
24517,~24518T,aa:S:K986*,0.02,50
14926,~14927T,aa:orf1b:N487I,0.05,20
14652,~14653T,aa:orf1b:V396F,0.008968609865470852,223
3023,~3024A,aa:orf1a:M920K,0.0036363636363636364,550
26774,~26775C,aa:M:A85P,0.0020920502092050207,478
3130,~3131A,aa:orf1a:Q956K,0.0035587188612099642,281
14616,~14617T,aa:orf1b:T384S,0.0035460992907801418,282
17697,~17698T,aa:orf1b:I1411F,0.00819672131147541,122
19081,~19082T,aa:orf1b:W1872L,0.003816793893129771,262
2853,~2854T,aa:orf1a:E863D,0.0032679738562091504,306
2896,~2897C,aa:orf1a:A878P,0.002232142857142857,448
2896,~2897T,aa:orf1a:A878S,0.002232142857142857,448
2892,~2893T,A2893T,0.004555808656036446,439
5155,~5156T,aa:orf1a:A1631S,0.02040816326530612,49
13408,~13409G,aa:orf1a:S4382G,0.005405405405405406,185
13413,~13414A,aa:orf1a:C4383*,0.0056179775280898875,178
13413,~13414C,T13414C,0.0056179775280898875,178
17308,~17309T,aa:orf1b:C1281F,0.1111111111111111,9
9635,~9636A,aa:orf1a:A3124E,0.0056179775280898875,178
9668,~9669A,aa:orf1a:L3135*,0.011049723756906077,181
8340,~8341A,T8341A,0.015267175572519083,131
8375,~8376A,aa:orf1a:A2704E,0.005208333333333333,192
8234,~8235C,aa:orf1a:L2657S,0.02564102564102564,39
17800,~17801T,aa:orf1b:A1445V,0.008928571428571428,112
2913,~2914T,aa:orf1a:L883F,0.004032258064516129,496
8478,~8479G,A8479G,0.003367003367003367,297
8478,~8479T,aa:orf1a:L2738F,0.003367003367003367,297
26944,~26945G,A26945G,0.005154639175257732,194
26944,~26945T,A26945T,0.005154639175257732,194
3963,~3964C,aa:orf1a:K1233N,0.017857142857142856,56
3899,~3900T,aa:orf1a:K1212M,0.016666666666666666,60
449,~450A,aa:orf1a:P62H,0.07142857142857142,14
593,~594G,aa:orf1a:H110R,0.07142857142857142,14
536,~537G,aa:orf1a:E91G,0.07692307692307693,13
569,~570T,aa:orf1a:E102V,0.07142857142857142,14
6358,~6359T,aa:orf1a:D2032Y,0.125,8
6340,~6341T,aa:orf1a:D2026Y,0.125,8
15148,~15149T,aa:orf1b:Q561L,0.010416666666666666,96
3551,~3552A,aa:orf1a:P1096Q,0.014492753623188406,69
24602,~24603T,aa:S:R1014I,0.030303030303030304,33
24611,~24612T,aa:S:E1017V,0.03125,32
24773,~24774C,aa:S:Q1071P,0.047619047619047616,21
18215,~18216A,T18216A,0.07142857142857142,14
22325,~22326A,aa:S:S255Y,0.004651162790697674,215
22332,~22333C,T22333C,0.004629629629629629,216
26712,~26713T,aa:M:C64F,0.002173913043478261,460
8431,~8432T,aa:orf1a:E2723*,0.0035087719298245615,285
15218,~15219T,aa:orf1b:K584N,0.011363636363636364,88
15023,~15024A,aa:orf1b:F519L,0.014492753623188406,69
15050,~15051C,T15051C,0.012345679012345678,81
13645,~13646T,aa:orf1b:Y60F,0.004901960784313725,204
13645,~13646G,aa:orf1b:Y60C,0.004901960784313725,204
11590,~11591A,aa:orf1a:L3776I,0.03125,32
19194,~19195C,aa:orf1b:N1910H,0.004807692307692308,208
19192,~19193T,aa:orf1b:W1909L,0.014354066985645932,209
8870,~8871C,aa:orf1a:L2869S,0.03571428571428571,28
8762,~8763G,aa:orf1a:D2833G,0.03125,32
9763,~9764C,aa:orf1a:F3167L,0.007246376811594203,138
2872,~2873T,aa:orf1a:E870*,0.002680965147453083,373
2872,~2873A,aa:orf1a:E870K,0.002680965147453083,373
8194,~8195A,aa:orf1a:S2644T,0.024390243902439025,41
8194,~8195C,aa:orf1a:S2644P,0.024390243902439025,41
8206,~8207T,aa:orf1a:T2648S,0.024390243902439025,41
8206,~8207G,aa:orf1a:T2648A,0.024390243902439025,41
22378,~22379G,aa:S:R273G,0.005263157894736842,190
22326,~22327A,T22327A,0.004672897196261682,214
22326,~22327C,T22327C,0.004672897196261682,214
21574,~21575G,aa:S:L5V,0.009708737864077669,103
13263,~13264A,aa:orf1a:H4333Q,0.004761904761904762,210
3030,~3031A,aa:orf1a:C922*,0.0018050541516245488,554
18458,~18459G,A18459G,0.0045045045045045045,222
18296,~18297T,aa:orf1b:W1610C,0.008620689655172414,116
29628,~29629A,T29629A,0.04,25
8578,~8579A,aa:orf1a:Q2772K,0.003436426116838488,291
8601,~8602T,G8602T,0.0037593984962406013,266
3116,~3117A,aa:orf1a:T951N,0.0029940119760479044,334
3099,~3100A,T3100A,0.005221932114882507,383
3107,~3108G,aa:orf1a:E948G,0.0028089887640449437,356
3147,~3148T,aa:orf1a:E961D,0.004901960784313725,204
17627,~17628C,T17628C,0.008849557522123894,113
9820,~9821G,aa:orf1a:N3186D,0.012195121951219513,82
12866,~12867C,aa:orf1a:G4201A,0.020833333333333332,48
13052,~13053T,aa:orf1a:N4263I,0.014285714285714285,70
8500,~8501G,aa:orf1a:T2746A,0.003424657534246575,292
17851,~17852A,aa:orf1b:S1462*,0.008928571428571428,112
6759,~6760G,aa:orf1a:C2165W,0.029411764705882353,34
18042,~18043T,aa:orf1b:E1526*,0.047619047619047616,21
18077,~18078T,aa:orf1b:K1537N,0.045454545454545456,22
18067,~18068T,aa:orf1b:D1534V,0.043478260869565216,23
17996,~17997A,aa:orf1b:F1510L,0.02,50
10115,~10116A,aa:orf1a:T3284N,0.027777777777777776,36
3127,~3128A,aa:orf1a:Y955N,0.003424657534246575,292
9481,~9482T,aa:orf1a:E3073*,0.03225806451612903,31
27677,~27678G,A27678G,0.1111111111111111,9
9703,~9704A,aa:orf1a:C3147S,0.005681818181818182,176
9703,~9704C,aa:orf1a:C3147R,0.005681818181818182,176
9759,~9760G,A9760G,0.0070921985815602835,141
9759,~9760T,A9760T,0.0070921985815602835,141
3095,~3096A,aa:orf1a:S944*,0.002544529262086514,393
13143,~13144A,aa:orf1a:N4293K,0.008620689655172414,116
26614,~26615A,aa:M:W31*,0.005813953488372093,172
26679,~26680A,aa:M:F53Y,0.0026109660574412533,383
26770,~26771C,A26771C,0.002105263157894737,475
1683,~1684T,C1684T,0.017241379310344827,58
1683,~1684A,C1684A,0.017241379310344827,58
9696,~9697C,T9697C,0.005780346820809248,173
17628,~17629C,aa:orf1b:K1388Q,0.008771929824561403,114
17498,~17499A,aa:orf1b:Y1344*,0.0070921985815602835,141
18464,~18465A,T18465A,0.004524886877828055,221
2590,~2591T,aa:orf1a:A776S,0.021739130434782608,46
2640,~2641T,aa:orf1a:E792D,0.01694915254237288,59
14434,~14435G,aa:orf1b:K323R,0.004464285714285714,224
17877,~17878A,aa:orf1b:Q1471K,0.009174311926605505,109
6751,~6752G,aa:orf1a:R2163G,0.043478260869565216,23
7015,~7016T,aa:orf1a:G2251C,0.006896551724137931,145
22192,~22193T,aa:S:N211Y,0.0045662100456621,219
17844,~17845A,aa:orf1b:Q1460K,0.008928571428571428,112
22287,~22288C,T22288C,0.004672897196261682,214
14583,~14584C,aa:orf1b:A373P,0.003278688524590164,305
14573,~14574C,T14574C,0.0033222591362126247,301
20163,~20164T,aa:orf1b:V2233F,0.034482758620689655,29
18539,~18540G,A18540G,0.010582010582010581,189
18542,~18543G,A18543G,0.010869565217391304,184
18542,~18543T,aa:orf1b:Q1692H,0.005434782608695652,184
18895,~18896C,aa:orf1b:F1810S,0.008,125
18895,~18896A,aa:orf1b:F1810Y,0.008,125
25337,~25338T,aa:S:D1259V,0.013513513513513514,74
25292,~25293A,aa:S:L1244H,0.013157894736842105,76
17447,~17448T,aa:orf1b:Q1327H,0.015503875968992248,129
17447,~17448G,A17448G,0.015503875968992248,129
5880,~5881C,T5881C,0.03571428571428571,28
27058,~27059T,C27059T,0.021739130434782608,46
16309,~16310C,aa:orf1b:L948S,0.04,25
26605,~26606A,aa:M:F28L,0.007246376811594203,138
26416,~26417G,aa:E:V58G,0.024390243902439025,41
26362,~26363T,aa:E:C40F,0.027777777777777776,36
8593,~8594G,aa:orf1a:T2777A,0.003703703703703704,270
8593,~8594T,aa:orf1a:T2777S,0.003703703703703704,270
13290,~13291A,aa:orf1a:F4342L,0.004761904761904762,210
13363,~13364T,aa:orf1a:N4367Y,0.004784688995215311,209
17806,~17807G,aa:orf1b:K1447R,0.00909090909090909,110
18881,~18882C,T18882C,0.010752688172043012,93
22284,~22285T,aa:S:L241F,0.004694835680751174,213
22194,~22195C,T22195C,0.0045045045045045045,222
21619,~21620G,aa:S:T20A,0.010638297872340425,94
15085,~15086T,aa:orf1b:S540I,0.02040816326530612,98
18824,~18825T,aa:orf1b:Q1786H,0.0136986301369863,73
6007,~6008T,aa:orf1a:V1915L,0.01282051282051282,78
6153,~6154T,aa:orf1a:L1963F,0.015384615384615385,65
13391,~13392C,aa:orf1a:W4376S,0.004975124378109453,201
8812,~8813T,aa:orf1a:A2850S,0.03333333333333333,30
8900,~8901T,aa:orf1a:G2879V,0.043478260869565216,23
8703,~8704A,aa:orf1a:D2813E,0.017241379310344827,58
5177,~5178T,aa:orf1a:T1638I,0.02040816326530612,49
5076,~5077A,T5077A,0.02,50
13738,~13739T,aa:orf1b:D91V,0.0051813471502590676,193
13749,~13750A,aa:orf1b:F95I,0.00546448087431694,183
2883,~2884C,T2884C,0.0024271844660194173,412
2891,~2892A,aa:orf1a:A876E,0.00228310502283105,438
2926,~2927T,aa:orf1a:E888*,0.003795066413662239,527
2926,~2927A,aa:orf1a:E888K,0.0018975332068311196,527
2979,~2980A,aa:orf1a:Y905*,0.0018248175182481751,548
9693,~9694G,T9694G,0.005714285714285714,175
9679,~9680A,aa:orf1a:W3139R,0.0056179775280898875,178
9656,~9657C,aa:orf1a:M3131T,0.00558659217877095,179
5936,~5937T,aa:orf1a:E1891V,0.02631578947368421,38
2964,~2965T,aa:orf1a:W900C,0.0036968576709796672,541
15061,~15062G,aa:orf1b:Q532R,0.011235955056179775,89
15077,~15078G,aa:orf1b:Y537*,0.010416666666666666,96
17640,~17641T,aa:orf1b:A1392S,0.00847457627118644,118
14621,~14622T,G14622T,0.0036363636363636364,275
23579,~23580T,aa:S:S673I,0.05263157894736842,19
14378,~14379A,aa:orf1b:F304L,0.008620689655172414,116
22168,~22169G,aa:S:I203V,0.00510204081632653,196
3041,~3042A,aa:orf1a:P926H,0.0037735849056603774,530
15181,~15182A,aa:orf1b:A572D,0.010526315789473684,95
15143,~15144A,aa:orf1b:N559K,0.010416666666666666,96
4898,~4899G,aa:orf1a:H1545R,0.05,20
22435,~22436T,aa:S:A292S,0.008130081300813009,123
20770,~20771G,aa:orf1b:K2435R,0.05263157894736842,19
20953,~20954G,aa:orf1b:D2496G,0.07692307692307693,13
20911,~20912C,aa:orf1b:L2482S,0.07692307692307693,13
18319,~18320T,aa:orf1b:C1618F,0.013793103448275862,145
18319,~18320A,aa:orf1b:C1618Y,0.006896551724137931,145
3033,~3034C,T3034C,0.0018587360594795538,538
3033,~3034G,T3034G,0.0018587360594795538,538
3105,~3106C,T3106C,0.002777777777777778,360
13623,~13624T,aa:orf1b:D53Y,0.004784688995215311,209
8442,~8443G,A8443G,0.003436426116838488,291
25592,~25593C,aa:orf3a:K67N,0.03225806451612903,62
25592,~25593T,aa:orf3a:K67N,0.016129032258064516,62
28388,~28389G,aa:N:Q39R,0.011764705882352941,85
12911,~12912A,aa:orf1a:V4216D,0.018518518518518517,54
18880,~18881A,aa:orf1b:A1805D,0.02197802197802198,91
19073,~19074C,T19074C,0.003861003861003861,259
26733,~26734T,aa:M:Y71F,0.004158004158004158,481
26745,~26746T,aa:M:W75L,0.004098360655737705,488
7854,~7855A,aa:orf1a:N2530K,0.03333333333333333,30
7956,~7957G,T7957G,0.034482758620689655,29
7949,~7950C,aa:orf1a:S2562T,0.03333333333333333,30
22204,~22205T,aa:S:D215Y,0.004347826086956522,230
17543,~17544T,aa:orf1b:M1359I,0.007692307692307693,130
17422,~17423G,aa:orf1b:Y1319C,0.009174311926605505,109
1564,~1565C,aa:orf1a:N434H,0.0196078431372549,51
1590,~1591C,T1591C,0.0196078431372549,51
1533,~1534T,aa:orf1a:W423C,0.022222222222222223,45
483,~484C,T484C,0.0625,16
615,~616A,T616A,0.07692307692307693,13
563,~564T,aa:orf1a:S100I,0.07692307692307693,13
22291,~22292A,aa:S:L244I,0.004694835680751174,213
22274,~22275A,aa:S:F238Y,0.004608294930875576,217
18424,~18425T,aa:orf1b:N1653I,0.004366812227074236,229
18432,~18433T,aa:orf1b:D1656Y,0.004405286343612335,227
18597,~18598C,aa:orf1b:A1711P,0.007462686567164179,134
18353,~18354G,A18354G,0.005319148936170213,188
18353,~18354T,aa:orf1b:L1629F,0.005319148936170213,188
18412,~18413A,aa:orf1b:V1649D,0.004310344827586207,232
18412,~18413C,aa:orf1b:V1649A,0.004310344827586207,232
18365,~18366T,A18366T,0.009900990099009901,202
18341,~18342A,T18342A,0.005681818181818182,176
18341,~18342C,T18342C,0.005681818181818182,176
3519,~3520C,T3520C,0.015151515151515152,66
21304,~21305T,aa:orf1b:R2613L,0.030303030303030304,33
21048,~21049C,aa:orf1b:M2528L,0.037037037037037035,27
12966,~12967T,aa:orf1a:L4234F,0.0136986301369863,73
21457,~21458A,aa:orf1b:I2664N,0.011363636363636364,88
19363,~19364A,aa:orf1b:L1966*,0.02702702702702703,37
9032,~9033T,aa:orf1a:K2923I,0.02127659574468085,47
13593,~13594T,aa:orf1b:N43Y,0.005025125628140704,199
13532,~13533T,A13533T,0.009345794392523364,107
18914,~18915T,aa:orf1b:W1816C,0.012987012987012988,154
18899,~18900A,T18900A,0.007518796992481203,133
18992,~18993T,aa:orf1b:K1842N,0.003937007874015748,254
21092,~21093A,T21093A,0.03225806451612903,31
13490,~13491A,C13491A,0.007407407407407408,135
13212,~13213T,aa:orf1a:M4316I,0.005376344086021506,186
13460,~13461C,aa:orf1a:F4399S,0.008264462809917356,121
23077,~23078A,aa:S:Q506K,0.06896551724137931,29
23032,~23033A,aa:S:P491T,0.022727272727272728,44
2250,~2251G,A2251G,0.25,4
2387,~2388T,aa:orf1a:T708I,1.0,3
8674,~8675G,aa:orf1a:S2804G,0.0078125,128
25305,~25306A,aa:S:C1248*,0.01282051282051282,78
19234,~19235T,aa:orf1b:C1923F,0.0072992700729927005,137
25296,~25297T,aa:S:K1245N,0.012987012987012988,77
25323,~25324T,C25324T,0.0136986301369863,73
25323,~25324A,aa:S:C1254*,0.0136986301369863,73
4468,~4469T,aa:orf1a:I1402L,0.011764705882352941,85
26820,~26821A,aa:M:F100Y,0.004273504273504274,468
26820,~26821C,aa:M:F100S,0.002136752136752137,468
3937,~3938G,aa:orf1a:R1225G,0.016666666666666666,60
3866,~3867G,aa:orf1a:Q1201R,0.01639344262295082,61
3775,~3776C,aa:orf1a:T1171P,0.016666666666666666,60
7161,~7162G,aa:orf1a:D2299E,0.045454545454545456,22
8815,~8816C,aa:orf1a:C2851R,0.034482758620689655,29
8899,~8900T,aa:orf1a:G2879C,0.043478260869565216,23
19218,~19219T,aa:orf1b:A1918S,0.011834319526627219,169
18950,~18951T,aa:orf1b:K1828N,0.005154639175257732,194
3175,~3176G,aa:orf1a:P971A,0.01694915254237288,59
3175,~3176A,aa:orf1a:P971T,0.01694915254237288,59
8399,~8400C,aa:orf1a:I2712T,0.00411522633744856,243
2987,~2988A,aa:orf1a:F908Y,0.001834862385321101,545
3051,~3052T,aa:orf1a:E929D,0.001949317738791423,513
2978,~2979G,aa:orf1a:Y905C,0.0018248175182481751,548
3038,~3039T,aa:orf1a:Y925F,0.001876172607879925,533
26092,~26093G,aa:orf3a:N234S,0.16666666666666666,6
26018,~26019C,A26019C,0.1,10
13393,~13394G,aa:orf1a:K4377E,0.005076142131979695,197
8537,~8538C,aa:orf1a:I2758T,0.003389830508474576,295
22938,~22939C,T22939C,0.016666666666666666,60
22813,~22814G,aa:S:I418V,0.016666666666666666,60
2905,~2906G,aa:orf1a:K881E,0.0021141649048625794,473
1342,~1343C,T1343C,0.017857142857142856,56
1475,~1476A,aa:orf1a:I404N,0.03571428571428571,56
1524,~1525A,aa:orf1a:C420*,0.019230769230769232,52
13758,~13759T,aa:orf1b:D98Y,0.005952380952380952,168
26432,~26433G,A26433G,0.023809523809523808,42
12220,~12221T,aa:orf1a:V3986L,0.07142857142857142,14
12283,~12284T,aa:orf1a:Q4007*,0.02040816326530612,49
8672,~8673T,aa:orf1a:S2803L,0.007518796992481203,133
26713,~26714C,T26714C,0.004319654427645789,463
26713,~26714A,aa:M:C64*,0.004319654427645789,463
26699,~26700T,aa:M:V60L,0.004694835680751174,426
26665,~26666C,A26666C,0.0029498525073746312,339
26665,~26666G,aa:M:I48M,0.0058997050147492625,339
11901,~11902A,C11902A,0.16666666666666666,6
11885,~11886A,aa:orf1a:S3874*,0.14285714285714285,7
2791,~2792A,aa:orf1a:F843I,0.011363636363636364,88
18071,~18072A,aa:orf1b:C1535*,0.043478260869565216,23
20518,~20519G,aa:orf1b:D2351G,0.025,40
20610,~20611A,aa:orf1b:L2382I,0.02857142857142857,35
22950,~22951G,T22951G,0.017241379310344827,58
21072,~21073T,aa:orf1b:V2536F,0.037037037037037035,27
21145,~21146C,aa:orf1b:L2560P,0.023255813953488372,43
22480,~22481T,aa:S:T307S,0.018867924528301886,53
12413,~12414T,aa:orf1a:N4050I,0.009345794392523364,107
2868,~2869G,A2869G,0.00558659217877095,358
2868,~2869T,A2869T,0.002793296089385475,358
23408,~23409T,aa:S:N616I,0.07692307692307693,13
17674,~17675C,aa:orf1b:I1403T,0.008547008547008548,117
17614,~17615G,aa:orf1b:K1383R,0.00980392156862745,102
17455,~17456G,aa:orf1b:A1330G,0.007462686567164179,134
14673,~14674A,aa:orf1b:P403T,0.005494505494505495,182
14673,~14674G,aa:orf1b:P403A,0.005494505494505495,182
18352,~18353A,aa:orf1b:L1629*,0.005319148936170213,188
13368,~13369T,A13369T,0.004761904761904762,210
13368,~13369C,A13369C,0.004761904761904762,210
8675,~8676T,aa:orf1a:S2804I,0.015873015873015872,126
8659,~8660A,aa:orf1a:H2799N,0.006097560975609756,164
5763,~5764C,T5764C,0.03333333333333333,30
17909,~17910T,A17910T,0.010752688172043012,93
2910,~2911G,T2911G,0.0020491803278688526,488
2910,~2911C,T2911C,0.0020491803278688526,488
2878,~2879T,aa:orf1a:A872S,0.002577319587628866,388
16922,~16923T,A16923T,0.03225806451612903,31
15039,~15040C,aa:orf1b:N525H,0.013513513513513514,74
15039,~15040T,aa:orf1b:N525Y,0.013513513513513514,74
462,~463A,G463A,0.06666666666666667,15
468,~469A,aa:orf1a:Y68*,0.06666666666666667,15
347,~348A,aa:orf1a:V28E,0.058823529411764705,17
26668,~26669A,T26669A,0.002881844380403458,347
26808,~26809C,aa:M:F96S,0.002136752136752137,468
26776,~26777G,T26777G,0.0020964360587002098,477
26718,~26719C,aa:M:V66A,0.0021321961620469083,469
26718,~26719A,aa:M:V66E,0.0021321961620469083,469
2083,~2084A,aa:orf1a:Q607K,0.027777777777777776,36
12485,~12486A,aa:orf1a:I4074K,0.008771929824561403,114
16092,~16093C,T16093C,0.13333333333333333,15
16138,~16139A,aa:orf1b:L891*,0.05555555555555555,18
1906,~1907A,aa:orf1a:F548I,0.05263157894736842,38
1964,~1965C,aa:orf1a:I567T,0.02857142857142857,35
1946,~1947A,aa:orf1a:V561D,0.029411764705882353,34
2167,~2168C,aa:orf1a:F635L,0.037037037037037035,27
1977,~1978A,aa:orf1a:D571E,0.02564102564102564,39
1918,~1919A,aa:orf1a:L552I,0.02702702702702703,37
1753,~1754G,aa:orf1a:K497E,0.017241379310344827,58
16412,~16413A,aa:orf1b:D982E,0.058823529411764705,17
16296,~16297A,aa:orf1b:R944S,0.045454545454545456,22
13594,~13595T,aa:orf1b:N43I,0.005,200
26848,~26849T,aa:M:M109I,0.0045871559633027525,436
2737,~2738C,aa:orf1a:F825L,0.017543859649122806,57
2737,~2738A,aa:orf1a:F825I,0.017543859649122806,57
1603,~1604G,aa:orf1a:N447D,0.017241379310344827,58
9004,~9005T,aa:orf1a:V2914F,0.023809523809523808,42
19196,~19197C,T19197C,0.004830917874396135,207
12560,~12561T,aa:orf1a:Q4099L,0.011363636363636364,88
17760,~17761T,aa:orf1b:A1432S,0.008403361344537815,119
25464,~25465A,aa:orf3a:P25T,0.01694915254237288,59
22347,~22348A,T22348A,0.0045662100456621,219
15015,~15016T,aa:orf1b:A517S,0.028169014084507043,71
6936,~6937G,T6937G,0.006666666666666667,150
19167,~19168C,aa:orf1b:F1901L,0.004149377593360996,241
7162,~7163G,aa:orf1a:T2300A,0.045454545454545456,22
2976,~2977T,A2977T,0.0018083182640144665,553
26730,~26731A,aa:M:V70D,0.00625,480
26730,~26731G,aa:M:V70G,0.0020833333333333333,480
26768,~26769C,aa:M:A83P,0.0021008403361344537,476
12483,~12484A,C12484A,0.008771929824561403,114
22251,~22252T,A22252T,0.004310344827586207,232
22249,~22250A,aa:S:P230T,0.00847457627118644,236
25669,~25670C,aa:orf3a:H93P,0.02857142857142857,35
4333,~4334A,aa:orf1a:P1357T,0.027777777777777776,36
4338,~4339G,T4339G,0.02564102564102564,39
4325,~4326T,aa:orf1a:Y1354F,0.034482758620689655,29
13745,~13746C,T13746C,0.005263157894736842,190
13745,~13746A,aa:orf1b:F93L,0.005263157894736842,190
25393,~25394A,aa:orf3a:M1K,0.012987012987012988,77
12675,~12676A,C12676A,0.038461538461538464,26
3037,~3038A,aa:orf1a:Y925N,0.001876172607879925,533
555,~556A,aa:orf1a:Y97*,0.07692307692307693,13
627,~628C,T628C,0.08333333333333333,12
28338,~28339A,aa:N:D22E,0.00909090909090909,110
18355,~18356A,aa:orf1b:P1630H,0.005235602094240838,191
7007,~7008A,aa:orf1a:A2248D,0.006756756756756757,148
7052,~7053A,aa:orf1a:C2263Y,0.007936507936507936,126
7013,~7014C,aa:orf1a:L2250S,0.00684931506849315,146
20447,~20448T,aa:orf1b:K2327N,0.027777777777777776,36
5720,~5721T,aa:orf1a:G1819V,0.034482758620689655,29
5702,~5703G,aa:orf1a:Q1813R,0.037037037037037035,27
21138,~21139A,aa:orf1b:L2558I,0.023255813953488372,43
16842,~16843C,aa:orf1b:G1126R,0.02702702702702703,37
16815,~16816A,aa:orf1b:Q1117K,0.03333333333333333,30
26716,~26717C,T26717C,0.002145922746781116,466
2920,~2921A,aa:orf1a:V886I,0.001968503937007874,508
2920,~2921T,aa:orf1a:V886L,0.001968503937007874,508
20188,~20189A,aa:orf1b:P2241H,0.03571428571428571,28
20055,~20056T,aa:orf1b:G2197C,0.07142857142857142,14
26671,~26672A,G26672A,0.002770083102493075,361
13732,~13733T,aa:orf1b:K89I,0.005128205128205128,195
26380,~26381A,aa:E:I46N,0.02564102564102564,39
17607,~17608T,aa:orf1b:D1381Y,0.018518518518518517,108
22412,~22413A,aa:S:T284N,0.00641025641025641,156
29200,~29201T,aa:N:S310C,0.025,40
29428,~29429A,aa:N:Q386K,0.023255813953488372,43
21643,~21644A,aa:S:Y28N,0.011764705882352941,85
21612,~21613C,T21613C,0.010638297872340425,94
21650,~21651T,aa:S:N30I,0.024390243902439025,82
14452,~14453C,aa:orf1b:V329A,0.0040650406504065045,246
14605,~14606A,aa:orf1b:L380Q,0.003367003367003367,297
14480,~14481A,aa:orf1b:H338Q,0.003436426116838488,291
19184,~19185A,aa:orf1b:C1906*,0.0045045045045045045,222
19184,~19185T,C19185T,0.0045045045045045045,222
2574,~2575A,T2575A,0.02631578947368421,38
15412,~15413T,aa:orf1b:E649V,0.08333333333333333,12
17501,~17502T,C17502T,0.0070921985815602835,141
17501,~17502A,aa:orf1b:F1345L,0.0070921985815602835,141
29328,~29329T,aa:N:L352F,0.02,50
26817,~26818T,aa:M:S99F,0.0021413276231263384,467
19364,~19365G,A19365G,0.05405405405405406,37
19350,~19351T,aa:orf1b:N1962Y,0.027777777777777776,36
1560,~1561C,T1561C,0.019230769230769232,52
18257,~18258G,aa:orf1b:F1597L,0.025,40
18548,~18549T,aa:orf1b:L1694F,0.00558659217877095,179
13595,~13596A,aa:orf1b:N43K,0.009950248756218905,201
22855,~22856A,aa:S:C432S,0.01694915254237288,59
23035,~23036A,aa:S:L492I,0.023255813953488372,43
26906,~26907T,C26907T,0.003484320557491289,287
26906,~26907A,aa:M:L129M,0.003484320557491289,287
13394,~13395C,aa:orf1a:K4377T,0.00510204081632653,196
13473,~13474A,aa:orf1b:C3S,0.007936507936507936,126
14630,~14631C,A14631C,0.0037735849056603774,265
23393,~23394C,aa:S:L611P,0.08333333333333333,12
25188,~25189A,aa:S:Y1209*,0.013333333333333334,75
25179,~25180C,T25180C,0.014285714285714285,70
14631,~14632T,aa:orf1b:V389L,0.003787878787878788,264
22414,~22415G,aa:S:I285V,0.0064516129032258064,155
3679,~3680G,aa:orf1a:N1139D,0.03333333333333333,60
26902,~26903A,T26903A,0.0033222591362126247,301
3129,~3130A,aa:orf1a:Y955*,0.006993006993006993,286
6995,~6996A,aa:orf1a:I2244N,0.006802721088435374,147
622,~623C,aa:orf1a:K120Q,0.08333333333333333,12
17502,~17503G,aa:orf1b:N1346D,0.007246376811594203,138
17504,~17505A,aa:orf1b:N1346K,0.007352941176470588,136
14430,~14431C,A14431C,0.004524886877828055,221
26948,~26949T,aa:M:V143L,0.01639344262295082,183
9844,~9845A,aa:orf1a:R3194S,0.02,50
26565,~26566C,aa:M:K15T,0.021739130434782608,46
26534,~26535G,aa:M:N5D,0.02127659574468085,47
6168,~6169T,G6169T,0.01639344262295082,61
6147,~6148A,T6148A,0.014285714285714285,70
21531,~21532T,aa:orf1b:S2689C,0.010869565217391304,92
21489,~21490T,aa:orf1b:G2675C,0.010869565217391304,92
13331,~13332T,aa:orf1a:C4356F,0.009389671361502348,213
26901,~26902A,aa:M:T127N,0.0033112582781456954,302
26971,~26972A,T26972A,0.010416666666666666,96
6896,~6897G,aa:orf1a:L2211R,0.006622516556291391,151
6946,~6947G,aa:orf1a:N2228D,0.006622516556291391,151
18428,~18429A,aa:orf1b:N1654K,0.004405286343612335,227
28453,~28454G,aa:N:K61E,0.011494252873563218,87
22345,~22346T,aa:S:A262S,0.0091324200913242,219
13491,~13492A,aa:orf1b:R9S,0.014705882352941176,136
13152,~13153T,aa:orf1a:K4296N,0.007751937984496124,129
22127,~22128C,aa:S:L189P,0.007407407407407408,135
8492,~8493A,aa:orf1a:T2743K,0.0033783783783783786,296
8530,~8531G,aa:orf1a:T2756A,0.0033444816053511705,299
8534,~8535T,aa:orf1a:K2757M,0.006756756756756757,296
8501,~8502A,aa:orf1a:T2746N,0.003424657534246575,292
8590,~8591T,aa:orf1a:V2776F,0.0036101083032490976,277
22213,~22214A,aa:S:Q218K,0.004366812227074236,229
3100,~3101A,aa:orf1a:Q946K,0.002638522427440633,379
8652,~8653T,aa:orf1a:M2796I,0.005376344086021506,186
8901,~8902C,T8902C,0.045454545454545456,22
13233,~13234C,T13234C,0.005376344086021506,186
3133,~3134T,aa:orf1a:G957C,0.003787878787878788,264
26627,~26628A,aa:M:Q36K,0.009389671361502348,213
26703,~26704A,aa:M:T61N,0.004576659038901602,437
26697,~26698A,aa:M:P59Q,0.004728132387706856,423
10035,~10036A,C10036A,0.047619047619047616,21
18306,~18307T,aa:orf1b:D1614Y,0.015037593984962405,133
2788,~2789G,aa:orf1a:T842A,0.012048192771084338,83
2823,~2824C,T2824C,0.005235602094240838,191
26964,~26965G,aa:M:H148R,0.007874015748031496,127
15338,~15339T,aa:orf1b:M624I,0.043478260869565216,23
15310,~15311T,aa:orf1b:R615I,0.025,40
9688,~9689G,aa:orf1a:I3142V,0.005681818181818182,176
28813,~28814A,aa:N:Q181K,0.047619047619047616,21
28861,~28862A,aa:N:S197T,0.043478260869565216,23
1008,~1009A,aa:orf1a:S248R,0.02564102564102564,39
19003,~19004A,aa:orf1b:L1846*,0.0037735849056603774,265
25418,~25419T,A25419T,0.014492753623188406,69
19113,~19114G,aa:orf1b:K1883E,0.0036496350364963502,274
21942,~21943C,T21943C,0.023809523809523808,42
22246,~22247A,aa:S:L229M,0.004166666666666667,240
22246,~22247G,aa:S:L229V,0.004166666666666667,240
21881,~21882T,aa:S:G107V,0.03571428571428571,28
21850,~21851T,aa:S:K97*,0.037037037037037035,27
1535,~1536A,aa:orf1a:V424D,0.022727272727272728,44
13358,~13359A,aa:orf1a:L4365H,0.004830917874396135,207
6712,~6713T,aa:orf1a:V2150F,0.08333333333333333,12
6664,~6665A,aa:orf1a:P2134T,0.07692307692307693,13
6814,~6815T,aa:orf1a:R2184*,0.009174311926605505,109
7595,~7596C,aa:orf1a:F2444S,0.023255813953488372,43
7416,~7417A,aa:orf1a:Y2384*,0.037037037037037035,27
13547,~13548A,aa:orf1b:D27E,0.007194244604316547,139
13259,~13260T,aa:orf1a:C4332F,0.004807692307692308,208
5274,~5275G,A5275G,0.047619047619047616,21
2785,~2786C,aa:orf1a:I841L,0.014705882352941176,68
21299,~21300T,aa:orf1b:K2611N,0.03125,32
6159,~6160C,T6160C,0.016129032258064516,62
9658,~9659C,aa:orf1a:F3132L,0.005555555555555556,180
26898,~26899T,aa:M:G126V,0.009615384615384616,312
26872,~26873A,aa:M:N117K,0.005361930294906166,373
26845,~26846A,C26846A,0.004524886877828055,442
26928,~26929C,aa:M:S136T,0.004166666666666667,240
26928,~26929T,aa:M:S136I,0.004166666666666667,240
26860,~26861C,T26861C,0.0024752475247524753,404
23222,~23223G,aa:S:E554G,0.5,2
2949,~2950A,T2950A,0.003745318352059925,534
22226,~22227A,aa:S:A222D,0.004201680672268907,238
22210,~22211A,aa:S:P217T,0.004405286343612335,227
15013,~15014G,aa:orf1b:D516G,0.014084507042253521,71
19357,~19358T,aa:orf1b:K1964I,0.027777777777777776,36
8508,~8509T,aa:orf1a:R2748S,0.0033112582781456954,302
8325,~8326A,aa:orf1a:D2687E,0.010526315789473684,95
14532,~14533T,aa:orf1b:R356*,0.0033112582781456954,302
1277,~1278T,aa:orf1a:K338I,0.015384615384615385,65
6967,~6968A,aa:orf1a:L2235I,0.013157894736842105,152
6967,~6968T,C6968T,0.006578947368421052,152
7011,~7012A,T7012A,0.006802721088435374,147
13145,~13146T,aa:orf1a:C4294F,0.016666666666666666,120
8240,~8241G,aa:orf1a:H2659R,0.025,40
15165,~15166C,T15166C,0.010869565217391304,92
439,~440A,aa:orf1a:G59S,0.07142857142857142,14
594,~595A,aa:orf1a:H110Q,0.07142857142857142,14
14058,~14059G,aa:orf1b:L198V,0.08333333333333333,12
28288,~28289A,aa:N:P6T,0.011363636363636364,88
13767,~13768T,aa:orf1b:M101L,0.00625,160
19787,~19788T,aa:orf1b:E2107D,0.038461538461538464,26
14409,~14410T,aa:orf1b:T315S,0.005376344086021506,186
14409,~14410C,aa:orf1b:T315P,0.010752688172043012,186
26692,~26693G,A26693G,0.002403846153846154,416
1623,~1624G,aa:orf1a:I453M,0.01694915254237288,59
1421,~1422G,aa:orf1a:E386G,0.0196078431372549,51
26931,~26932G,aa:M:E137G,0.004291845493562232,233
12976,~12977G,aa:orf1a:N4238D,0.012987012987012988,77
17069,~17070C,T17070C,0.045454545454545456,22
17332,~17333A,aa:orf1b:T1289K,0.038461538461538464,26
18543,~18544T,aa:orf1b:M1693L,0.005494505494505495,182
11980,~11981T,aa:orf1a:E3906*,0.1111111111111111,9
12127,~12128T,aa:orf1a:A3955S,0.07142857142857142,14
12239,~12240T,aa:orf1a:D3992V,0.0625,16
12248,~12249A,aa:orf1a:A3995E,0.03125,32
1534,~1535T,aa:orf1a:V424F,0.022727272727272728,44
1530,~1531C,T1531C,0.02127659574468085,47
568,~569T,aa:orf1a:E102*,0.07142857142857142,14
21428,~21429A,T21429A,0.012048192771084338,83
21428,~21429C,T21429C,0.024096385542168676,83
21478,~21479A,aa:orf1b:L2671H,0.01098901098901099,91
21488,~21489G,A21489G,0.010869565217391304,92
21488,~21489T,aa:orf1b:K2674N,0.010869565217391304,92
21483,~21484G,aa:orf1b:S2673G,0.011111111111111112,90
21494,~21495G,A21495G,0.01098901098901099,91
21559,~21560G,A21560G,0.020833333333333332,96
21490,~21491T,aa:orf1b:G2675V,0.010869565217391304,92
18331,~18332T,aa:orf1b:R1622I,0.006134969325153374,163
18495,~18496T,aa:orf1b:M1677L,0.004310344827586207,232
12998,~12999C,aa:orf1a:S4245T,0.0136986301369863,73
12998,~12999T,aa:orf1a:S4245I,0.0136986301369863,73
21538,~21539A,aa:orf1b:V2691D,0.010869565217391304,92
21611,~21612T,aa:S:N17I,0.010526315789473684,95
21604,~21605A,aa:S:C15S,0.010526315789473684,95
18564,~18565C,aa:orf1b:N1700H,0.00625,160
11576,~11577C,aa:orf1a:I3771T,0.02857142857142857,35
21116,~21117C,T21117C,0.02631578947368421,38
21075,~21076T,aa:orf1b:T2537S,0.037037037037037035,27
29631,~29632A,aa:orf10:N25K,0.04,25
21091,~21092T,aa:orf1b:S2542F,0.03225806451612903,31
1456,~1457A,aa:orf1a:R398S,0.01818181818181818,55
17978,~17979A,T17979A,0.016666666666666666,60
3407,~3408G,aa:orf1a:E1048G,0.043478260869565216,23
10010,~10011C,aa:orf1a:L3249P,0.047619047619047616,21
16232,~16233G,A16233G,0.045454545454545456,22
7512,~7513C,T7513C,0.025,40
7658,~7659G,aa:orf1a:I2465S,0.02564102564102564,39
27215,~27216C,T27216C,0.03125,32
16432,~16433T,aa:orf1b:G989V,0.07692307692307693,13
16409,~16410G,A16410G,0.058823529411764705,17
16426,~16427T,aa:orf1b:Y987F,0.0625,16
28719,~28720A,C28720A,0.03571428571428571,28
17303,~17304A,C17304A,0.1111111111111111,9
17462,~17463A,C17463A,0.007246376811594203,138
17472,~17473T,aa:orf1b:T1336S,0.007042253521126761,142
17566,~17567T,aa:orf1b:C1367F,0.007751937984496124,129
17492,~17493C,A17493C,0.006993006993006993,143
22371,~22372C,T22372C,0.005050505050505051,198
22377,~22378A,T22378A,0.005263157894736842,190
22433,~22434T,aa:S:C291F,0.008064516129032258,124
26975,~26976T,aa:M:A152S,0.0125,80
2873,~2874T,aa:orf1a:E870V,0.002652519893899204,377
3140,~3141A,aa:orf1a:P959H,0.004273504273504274,234
3083,~3084G,aa:orf1a:E940G,0.006818181818181818,440
3083,~3084T,aa:orf1a:E940V,0.006818181818181818,440
12404,~12405G,aa:orf1a:N4047S,0.009259259259259259,108
12389,~12390G,aa:orf1a:N4042S,0.009259259259259259,108
10347,~10348G,A10348G,0.018867924528301886,53
3456,~3457A,aa:orf1a:Y1064*,0.020833333333333332,48
3638,~3639T,aa:orf1a:G1125V,0.0136986301369863,73
3646,~3647T,aa:orf1a:I1128F,0.0136986301369863,73
17934,~17935G,aa:orf1b:R1490G,0.012195121951219513,82
26690,~26691A,aa:M:L57I,0.002421307506053269,413
22122,~22123T,aa:S:K187N,0.007936507936507936,126
8421,~8422T,aa:orf1a:M2719I,0.0037313432835820895,268
8511,~8512T,aa:orf1a:Q2749H,0.0033222591362126247,301
8549,~8550T,aa:orf1a:G2762V,0.003389830508474576,295
8513,~8514A,aa:orf1a:V2750D,0.0033112582781456954,302
28275,~28276A,aa:N:M1I,0.012195121951219513,82
28399,~28400A,aa:N:Q43K,0.012658227848101266,79
28155,~28156A,aa:orf8:I88N,0.03571428571428571,28
14637,~14638T,aa:orf1b:A391S,0.00796812749003984,251
607,~608A,aa:orf1a:P115T,0.07142857142857142,14
702,~703G,C703G,0.07142857142857142,14
523,~524T,aa:orf1a:E87*,0.07142857142857142,14
29430,~29431T,aa:N:Q386H,0.023255813953488372,43
12317,~12318A,aa:orf1a:S4018Y,0.015151515151515152,66
12366,~12367A,aa:orf1a:F4034L,0.010526315789473684,95
19383,~19384T,aa:orf1b:D1973Y,0.027777777777777776,36
19296,~19297A,aa:orf1b:Y1944N,0.029411764705882353,34
19321,~19322A,aa:orf1b:T1952K,0.02631578947368421,38
21891,~21892T,aa:S:L110F,0.03125,32
8693,~8694T,aa:orf1a:K2810M,0.01098901098901099,91
8840,~8841A,aa:orf1a:T2859K,0.03571428571428571,28
17681,~17682G,aa:orf1b:H1405Q,0.01652892561983471,121
23732,~23733A,aa:S:T724K,0.02631578947368421,38
24481,~24482A,aa:S:S974T,0.02127659574468085,47
9600,~9601T,aa:orf1a:L3112F,0.011494252873563218,174
14632,~14633A,aa:orf1b:V389E,0.003787878787878788,264
3125,~3126T,aa:orf1a:D954V,0.006535947712418301,306
3125,~3126G,aa:orf1a:D954G,0.0032679738562091504,306
2876,~2877A,aa:orf1a:F871Y,0.0026246719160104987,381
2876,~2877C,aa:orf1a:F871S,0.0026246719160104987,381
10443,~10444T,aa:orf1a:M3393I,0.02857142857142857,35
10488,~10489A,aa:orf1a:C3408*,0.06666666666666667,15
18309,~18310T,aa:orf1b:V1615F,0.007407407407407408,135
18315,~18316T,aa:orf1b:G1617W,0.0070921985815602835,141
18374,~18375C,T18375C,0.004830917874396135,207
18374,~18375A,T18375A,0.00966183574879227,207
18408,~18409C,aa:orf1b:Y1648H,0.0043859649122807015,228
18408,~18409A,aa:orf1b:Y1648N,0.0043859649122807015,228
18321,~18322A,aa:orf1b:H1619N,0.006756756756756757,148
18334,~18335G,aa:orf1b:E1623G,0.005952380952380952,168
18389,~18390T,A18390T,0.004424778761061947,226
13768,~13769A,aa:orf1b:M101K,0.00625,160
10153,~10154A,aa:orf1a:D3297N,0.022222222222222223,45
10459,~10460T,aa:orf1a:I3399F,0.034482758620689655,29
10459,~10460C,aa:orf1a:I3399L,0.034482758620689655,29
25501,~25502A,aa:orf3a:I37K,0.01694915254237288,59
20368,~20369C,aa:orf1b:L2301P,0.045454545454545456,22
20358,~20359T,aa:orf1b:G2298C,0.043478260869565216,23
2921,~2922A,aa:orf1a:V886E,0.003898635477582846,513
2921,~2922C,aa:orf1a:V886A,0.001949317738791423,513
2882,~2883T,aa:orf1a:C873F,0.0024449877750611247,409
18409,~18410T,aa:orf1b:Y1648F,0.004405286343612335,227
18521,~18522G,A18522G,0.004901960784313725,204
22490,~22491G,aa:S:K310R,0.029411764705882353,34
26867,~26868T,aa:M:T116S,0.0026041666666666665,384
19840,~19841T,aa:orf1b:N2125I,0.04,25
8567,~8568G,aa:orf1a:N2768S,0.0033222591362126247,301
8567,~8568T,aa:orf1a:N2768I,0.0033222591362126247,301
8618,~8619A,aa:orf1a:A2785D,0.008032128514056224,249
8618,~8619T,aa:orf1a:A2785V,0.004016064257028112,249
18520,~18521A,aa:orf1b:V1685E,0.004830917874396135,207
20207,~20208T,aa:orf1b:Q2247H,0.07692307692307693,26
4342,~4343G,aa:orf1a:I1360V,0.025,40
28562,~28563T,aa:N:G97V,0.023255813953488372,43
4095,~4096A,T4096A,0.07142857142857142,14
4052,~4053A,aa:orf1a:L1263H,0.02857142857142857,35
4006,~4007A,aa:orf1a:F1248I,0.022222222222222223,45
10201,~10202A,aa:orf1a:L3313I,0.018867924528301886,53
25237,~25238T,aa:S:A1226S,0.025974025974025976,77
17431,~17432A,aa:orf1b:I1322N,0.00847457627118644,118
17438,~17439A,aa:orf1b:D1324E,0.00819672131147541,122
17414,~17415G,T17415G,0.009523809523809525,105
2741,~2742T,aa:orf1a:G826V,0.017857142857142856,56
13096,~13097T,aa:orf1a:K4278*,0.013513513513513514,74
13002,~13003G,A13003G,0.014285714285714285,70
13142,~13143T,aa:orf1a:N4293I,0.008849557522123894,113
13061,~13062A,aa:orf1a:V4266E,0.014492753623188406,69
13112,~13113G,aa:orf1a:Y4283C,0.014705882352941176,68
13103,~13104T,aa:orf1a:Y4280F,0.0273972602739726,73
8040,~8041A,aa:orf1a:D2592E,0.02857142857142857,35
4035,~4036A,T4036A,0.024390243902439025,41
14945,~14946C,T14946C,0.05263157894736842,19
14951,~14952C,T14952C,0.05263157894736842,19
24776,~24777T,aa:S:E1072V,0.05263157894736842,19
24793,~24794T,aa:S:A1078S,0.0625,16
4511,~4512C,aa:orf1a:V1416A,0.012987012987012988,77
13435,~13436A,aa:orf1a:L4391I,0.006329113924050633,158
26683,~26684A,C26684A,0.0076142131979695426,394
7643,~7644A,aa:orf1a:A2460D,0.023809523809523808,42
2825,~2826T,aa:orf1a:N854I,0.00510204081632653,196
4965,~4966A,T4966A,0.03333333333333333,30
5008,~5009G,aa:orf1a:Q1582E,0.029411764705882353,34
8557,~8558G,aa:orf1a:I2765V,0.006666666666666667,300
8438,~8439A,aa:orf1a:L2725Q,0.003436426116838488,291
8667,~8668T,C8668T,0.006578947368421052,152
6823,~6824T,aa:orf1a:N2187Y,0.008849557522123894,113
18611,~18612T,aa:orf1b:E1715D,0.008928571428571428,112
17872,~17873A,aa:orf1b:F1469Y,0.008695652173913044,115
9706,~9707C,aa:orf1a:I3148L,0.0056179775280898875,178
13636,~13637A,aa:orf1b:I57N,0.009852216748768473,203
26839,~26840T,G26840T,0.002178649237472767,459
22847,~22848C,aa:S:F429S,0.01639344262295082,61
4064,~4065A,aa:orf1a:S1267Y,0.03571428571428571,28
3766,~3767T,aa:orf1a:T1168S,0.016129032258064516,62
9770,~9771T,aa:orf1a:G3169V,0.007407407407407408,135
9770,~9771A,aa:orf1a:G3169D,0.007407407407407408,135
22237,~22238C,T22238C,0.012295081967213115,244
22232,~22233T,aa:S:E224V,0.004132231404958678,242
22699,~22700C,aa:S:Y380H,0.030303030303030304,33
22608,~22609A,T22609A,0.05,20
22442,~22443G,aa:S:D294G,0.009009009009009009,111
15046,~15047A,aa:orf1b:I527N,0.012658227848101266,79
18324,~18325T,aa:orf1b:A1620S,0.0064516129032258064,155
18600,~18601A,aa:orf1b:H1712N,0.007874015748031496,127
18626,~18627T,aa:orf1b:K1720N,0.01098901098901099,91
18492,~18493T,aa:orf1b:L1676F,0.004347826086956522,230
919,~920T,C920T,1.0000000000000002,18
955,~956A,aa:orf1a:C231S,0.038461538461538464,26
7736,~7737C,aa:orf1a:V2491A,0.03571428571428571,28
2997,~2998C,T2998C,0.0036900369003690036,542
2997,~2998A,T2998A,0.0018450184501845018,542
5703,~5704T,aa:orf1a:Q1813H,0.037037037037037035,27
18602,~18603A,aa:orf1b:H1712Q,0.008130081300813009,123
26939,~26940G,aa:M:I140V,0.0047169811320754715,212
26930,~26931T,aa:M:E137*,0.00425531914893617,235
26930,~26931A,aa:M:E137K,0.00425531914893617,235
26661,~26662T,aa:M:Y47F,0.003125,320
26890,~26891G,A26891G,0.0029498525073746312,339
26912,~26913G,aa:M:R131G,0.0035842293906810036,279
26908,~26909T,G26909T,0.0034965034965034965,286
12516,~12517C,T12517C,0.009345794392523364,107
12493,~12494A,aa:orf1a:Y4077N,0.008547008547008548,117
18493,~18494G,aa:orf1b:L1676R,0.004366812227074236,229
904,~905G,aa:orf1a:T214A,0.8888888888888892,18
829,~830T,aa:orf1a:N189Y,0.05263157894736842,19
22095,~22096G,aa:S:D178E,0.016129032258064516,62
1414,~1415A,aa:orf1a:L384I,0.018518518518518517,54
1263,~1264C,G1264C,0.014925373134328358,67
8548,~8549T,aa:orf1a:G2762C,0.003389830508474576,295
8395,~8396C,T8396C,0.00425531914893617,235
8424,~8425G,A8425G,0.0036363636363636364,275
8494,~8495C,aa:orf1a:C2744R,0.003401360544217687,294
12816,~12817T,G12817T,0.043478260869565216,23
12845,~12846A,aa:orf1a:A4194D,0.03333333333333333,30
1985,~1986A,aa:orf1a:S574*,0.04878048780487805,41
14423,~14424T,A14424T,0.0047169811320754715,212
13398,~13399C,T13399C,0.005128205128205128,195
12671,~12672T,aa:orf1a:A4136V,0.04,25
17762,~17763A,T17763A,0.008264462809917356,121
7926,~7927G,A7927G,0.029411764705882353,34
12449,~12450A,aa:orf1a:I4062K,0.009523809523809525,105
26863,~26864T,A26864T,0.002570694087403599,389
17930,~17931A,T17931A,0.011904761904761904,84
13742,~13743A,aa:orf1b:F92L,0.005235602094240838,191
6920,~6921G,aa:orf1a:K2219R,0.006666666666666667,150
16338,~16339T,aa:orf1b:I958L,0.045454545454545456,22
2933,~2934A,aa:orf1a:L890H,0.0037313432835820895,536
22782,~22783A,C22783A,0.018518518518518517,54
8570,~8571T,aa:orf1a:W2769L,0.006666666666666667,300
26686,~26687C,aa:M:W55C,0.0024813895781637717,403
6912,~6913C,T6913C,0.006711409395973154,149
6113,~6114A,aa:orf1a:P1950H,0.012048192771084338,83
21136,~21137T,aa:orf1b:K2557M,0.023255813953488372,43
23513,~23514A,aa:S:I651K,0.07142857142857142,14
23597,~23598G,aa:S:N679S,0.047619047619047616,21
23575,~23576T,aa:S:A672S,0.05555555555555555,18
14557,~14558A,aa:orf1b:V364E,0.0033003300330033004,303
14557,~14558G,aa:orf1b:V364G,0.0033003300330033004,303
26624,~26625A,aa:M:L35I,0.0049504950495049506,202
26611,~26612G,A26612G,0.006134969325153374,163
26864,~26865A,aa:M:E115K,0.002577319587628866,388
20696,~20697G,aa:orf1b:N2410K,0.034482758620689655,29
19186,~19187C,aa:orf1b:L1907P,0.004545454545454545,220
19159,~19160A,aa:orf1b:S1898Y,0.007905138339920948,253
19159,~19160T,aa:orf1b:S1898F,0.003952569169960474,253
14510,~14511T,aa:orf1b:Q348H,0.0033333333333333335,300
26798,~26799A,aa:M:L93I,0.0065075921908893716,461
26862,~26863A,aa:M:P114Q,0.002531645569620253,395
3762,~3763G,A3763G,0.015151515151515152,66
3970,~3971T,aa:orf1a:V1236F,0.019230769230769232,52
4049,~4050T,aa:orf1a:N1262I,0.027777777777777776,36
3979,~3980A,aa:orf1a:V1239I,0.0196078431372549,51
13436,~13437C,aa:orf1a:L4391P,0.006369426751592357,157
13449,~13450A,aa:orf1a:D4395E,0.007407407407407408,135
13474,~13475A,aa:orf1b:C3Y,0.007936507936507936,126
13503,~13504C,aa:orf1b:C13R,0.007352941176470588,136
3072,~3073C,T3073C,0.00211864406779661,472
26604,~26605G,aa:M:F28C,0.007407407407407408,135
2798,~2799C,aa:orf1a:L845P,0.008620689655172414,116
5208,~5209T,A5209T,0.023255813953488372,43
18405,~18406T,aa:orf1b:G1647C,0.004405286343612335,227
2895,~2896A,aa:orf1a:D877E,0.0022471910112359553,445
2974,~2975T,aa:orf1a:T904S,0.0018248175182481751,548
19259,~19260G,T19260G,0.014084507042253521,71
19259,~19260C,T19260C,0.014084507042253521,71
19053,~19054T,aa:orf1b:K1863*,0.00392156862745098,255
9504,~9505A,aa:orf1a:F3080L,0.013888888888888888,72
17786,~17787G,A17787G,0.008547008547008548,117
6732,~6733T,A6733T,0.0625,16
22614,~22615A,aa:S:Y351*,0.05,20
2847,~2848C,A2848C,0.0035087719298245615,285
5158,~5159C,aa:orf1a:F1632L,0.020833333333333332,48
17746,~17747A,aa:orf1b:P1427H,0.008771929824561403,114
13620,~13621T,aa:orf1b:E52*,0.009433962264150943,212
13686,~13687T,aa:orf1b:E74*,0.004608294930875576,217
13502,~13503T,G13503T,0.007352941176470588,136
26595,~26596T,aa:M:G25V,0.010101010101010102,99
22348,~22349A,aa:S:A263T,0.0045871559633027525,218
15202,~15203A,aa:orf1b:V579E,0.010869565217391304,92
4588,~4589T,aa:orf1a:N1442Y,0.013513513513513514,74
6874,~6875T,aa:orf1a:K2204*,0.007042253521126761,142
6905,~6906A,aa:orf1a:S2214*,0.00684931506849315,146
26799,~26800C,aa:M:L93P,0.0021691973969631237,461
17944,~17945A,aa:orf1b:V1493E,0.0125,80
17912,~17913A,aa:orf1b:N1482K,0.010869565217391304,92
13401,~13402C,T13402C,0.005263157894736842,190
9797,~9798A,aa:orf1a:A3178D,0.008695652173913044,115
14553,~14554A,aa:orf1b:L363I,0.0033003300330033004,303
14576,~14577C,T14577C,0.0033112582781456954,302
26741,~26742G,aa:M:N74D,0.002044989775051125,489
4389,~4390T,aa:orf1a:L1375F,0.01818181818181818,55
25285,~25286G,aa:S:S1242G,0.012987012987012988,77
9140,~9141T,aa:orf1a:G2959V,0.01818181818181818,55
29416,~29417A,aa:N:L382I,0.022222222222222223,45
13655,~13656C,T13656C,0.0049504950495049506,202
18518,~18519C,T18519C,0.004784688995215311,209
18518,~18519A,aa:orf1b:N1684K,0.004784688995215311,209
7089,~7090C,T7090C,0.009708737864077669,103
23891,~23892T,aa:S:N777I,0.041666666666666664,24
22756,~22757G,aa:S:S399A,0.022222222222222223,45
15265,~15266A,aa:orf1b:V600E,0.014492753623188406,69
3172,~3173A,aa:orf1a:Q970K,0.012345679012345678,81
20038,~20039T,aa:orf1b:G2191V,0.06666666666666667,15
8231,~8232T,aa:orf1a:K2656I,0.02631578947368421,38
22349,~22350T,aa:S:A263V,0.004608294930875576,217
15129,~15130C,aa:orf1b:S555R,0.01020408163265306,98
14916,~14917T,aa:orf1b:V484F,0.045454545454545456,22
14846,~14847G,A14847G,0.043478260869565216,23
14382,~14383T,aa:orf1b:V306F,0.007407407407407408,135
14403,~14404A,aa:orf1b:P313T,0.011363636363636364,176
17624,~17625T,A17625T,0.009900990099009901,101
2165,~2166T,aa:orf1a:K634M,0.037037037037037035,27
2969,~2970A,aa:orf1a:M902K,0.0018281535648994515,547
20535,~20536G,aa:orf1b:I2357V,0.029411764705882353,34
20751,~20752T,aa:orf1b:D2429Y,0.043478260869565216,23
20578,~20579C,aa:orf1b:V2371A,0.02857142857142857,35
11650,~11651G,aa:orf1a:L3796V,0.043478260869565216,23
26570,~26571A,aa:M:L17I,0.0196078431372549,51
26649,~26650G,aa:M:N43S,0.0035087719298245615,285
3066,~3067C,T3067C,0.0020833333333333333,480
3060,~3061G,A3061G,0.004024144869215292,497
3060,~3061T,aa:orf1a:E932D,0.002012072434607646,497
13118,~13119A,aa:orf1a:A4285D,0.014925373134328358,67
13047,~13048A,T13048A,0.013888888888888888,72
13638,~13639C,aa:orf1b:D58H,0.005,200
26676,~26677A,aa:M:I52N,0.0027100271002710027,369
8606,~8607A,aa:orf1a:L2781H,0.007692307692307693,260
8586,~8587C,T8587C,0.0035087719298245615,285
8586,~8587A,T8587A,0.0035087719298245615,285
8614,~8615T,aa:orf1a:A2784S,0.003952569169960474,253
8627,~8628G,aa:orf1a:Y2788C,0.00423728813559322,236
8595,~8596T,A8596T,0.003703703703703704,270
8648,~8649C,aa:orf1a:V2795A,0.010101010101010102,198
13494,~13495A,aa:orf1b:L10I,0.007518796992481203,133
8380,~8381T,aa:orf1a:S2706C,0.004761904761904762,210
8450,~8451C,aa:orf1a:I2729T,0.0033333333333333335,300
8572,~8573A,aa:orf1a:L2770M,0.003367003367003367,297
27067,~27068T,A27068T,0.021739130434782608,46
20661,~20662T,aa:orf1b:S2399C,0.02857142857142857,35
14419,~14420T,aa:orf1b:G318V,0.0049261083743842365,203
14419,~14420A,aa:orf1b:G318E,0.0049261083743842365,203
4664,~4665T,aa:orf1a:R1467I,0.02857142857142857,35
26780,~26781A,aa:M:L87I,0.004201680672268907,476
16968,~16969A,aa:orf1b:H1168N,0.03125,32
17007,~17008G,aa:orf1b:I1181V,0.034482758620689655,29
14550,~14551C,T14551C,0.003278688524590164,305
16234,~16235T,aa:orf1b:Q923L,0.045454545454545456,22
21368,~21369A,T21369A,0.018867924528301886,53
19101,~19102A,aa:orf1b:P1879T,0.003787878787878788,264
22458,~22459G,A22459G,0.0125,80
22462,~22463C,aa:S:C301R,0.014285714285714285,70
18532,~18533G,aa:orf1b:K1689R,0.005128205128205128,195
18430,~18431A,aa:orf1b:T1655K,0.0043859649122807015,228
21803,~21804C,aa:S:N81T,0.023255813953488372,43
28454,~28455T,aa:N:K61M,0.011494252873563218,87
20492,~20493C,G20493C,0.02564102564102564,39
20554,~20555A,aa:orf1b:S2363Y,0.03125,32
23707,~23708T,aa:S:T716S,0.024390243902439025,41
14853,~14854T,aa:orf1b:V463L,0.045454545454545456,22
14640,~14641A,aa:orf1b:L392I,0.00816326530612245,245
12631,~12632T,aa:orf1a:A4123S,0.02702702702702703,37
12595,~12596A,aa:orf1a:L4111I,0.015151515151515152,66
3852,~3853G,A3853G,0.016666666666666666,60
13787,~13788G,T13788G,0.006993006993006993,143
26909,~26910T,aa:M:T130S,0.007067137809187279,283
2833,~2834A,aa:orf1a:C857S,0.00425531914893617,235
26617,~26618C,T26618C,0.005714285714285714,175
12617,~12618G,aa:orf1a:N4118S,0.0196078431372549,51
19023,~19024A,aa:orf1b:L1853I,0.0035971223021582736,278
19175,~19176A,aa:orf1b:D1903E,0.004219409282700422,237
15625,~15626T,aa:orf1b:E720V,0.07142857142857142,14
771,~772A,T772A,0.125,16
14348,~14349C,T14349C,0.0196078431372549,51
14112,~14113G,aa:orf1b:T216A,0.047619047619047616,21
13109,~13110G,aa:orf1a:D4282G,0.014492753623188406,69
26644,~26645A,aa:M:N41K,0.007462686567164179,268
14645,~14646A,T14646A,0.004149377593360996,241
891,~892A,T892A,0.05263157894736842,19
29700,~29701T,G29701T,0.038461538461538464,26
22161,~22162A,aa:S:Y200*,0.005405405405405406,185
13690,~13691G,aa:orf1b:E75G,0.0047169811320754715,212
13794,~13795A,aa:orf1b:L110I,0.007142857142857143,140
13525,~13526T,aa:orf1b:D20V,0.009174311926605505,109
19048,~19049A,aa:orf1b:A1861D,0.003816793893129771,262
19193,~19194A,aa:orf1b:W1909*,0.004784688995215311,209
19193,~19194T,aa:orf1b:W1909C,0.004784688995215311,209
18290,~18291C,T18291C,0.009259259259259259,108
28704,~28705A,aa:N:D144E,0.03225806451612903,31
28691,~28692T,aa:N:N140I,0.030303030303030304,33
26896,~26897A,aa:M:H125Q,0.00625,320
5209,~5210T,aa:orf1a:A1649S,0.023255813953488372,43
5231,~5232T,aa:orf1a:W1656L,0.029411764705882353,34
5194,~5195T,aa:orf1a:G1644C,0.02127659574468085,47
2985,~2986G,A2986G,0.0018148820326678765,551
2985,~2986C,aa:orf1a:L907F,0.0018148820326678765,551
22175,~22176A,aa:S:S205Y,0.005025125628140704,199
3151,~3152T,aa:orf1a:G963C,0.005263157894736842,190
3151,~3152C,aa:orf1a:G963R,0.005263157894736842,190
1981,~1982G,aa:orf1a:I573V,0.025,40
28754,~28755A,aa:N:L161H,0.03333333333333333,30
8490,~8491T,aa:orf1a:L2742F,0.003401360544217687,294
22436,~22437A,aa:S:A292E,0.016666666666666666,120
22441,~22442T,aa:S:D294Y,0.008928571428571428,112
22471,~22472T,aa:S:K304*,0.015873015873015872,63
5067,~5068C,A5068C,0.02040816326530612,49
18612,~18613C,T18613C,0.00909090909090909,110
18612,~18613A,aa:orf1b:L1716M,0.00909090909090909,110
18448,~18449T,aa:orf1b:S1661I,0.004464285714285714,224
18972,~18973T,aa:orf1b:V1836F,0.0045662100456621,219
19097,~19098T,A19098T,0.0038022813688212928,263
3447,~3448T,C3448T,0.022727272727272728,44
14463,~14464T,aa:orf1b:V333F,0.0037313432835820895,268
7067,~7068G,aa:orf1a:E2268G,0.008695652173913044,115
25370,~25371C,aa:S:L1270S,0.02564102564102564,78
15684,~15685A,aa:orf1b:L740M,0.05555555555555555,18
9529,~9530C,aa:orf1a:F3089L,0.00980392156862745,102
25450,~25451C,aa:orf3a:I20T,0.016129032258064516,62
25160,~25161A,aa:S:L1200H,0.014925373134328358,67
3102,~3103T,aa:orf1a:Q946H,0.0026666666666666666,375
3102,~3103G,A3103G,0.0026666666666666666,375
3106,~3107T,aa:orf1a:E948*,0.002785515320334262,359
19277,~19278A,T19278A,0.03225806451612903,31
17699,~17700C,T17700C,0.008620689655172414,116
17651,~17652C,T17652C,0.00819672131147541,122
19467,~19468A,aa:orf1b:C2001S,0.041666666666666664,24
20999,~21000C,T21000C,0.07142857142857142,14
14522,~14523G,A14523G,0.006578947368421052,304
14577,~14578G,aa:orf1b:M371V,0.006622516556291391,302
14577,~14578T,aa:orf1b:M371L,0.0033112582781456954,302
17444,~17445A,T17445A,0.007874015748031496,127
28441,~28442T,aa:N:T57S,0.011363636363636364,88
26637,~26638G,aa:M:Y39C,0.0040650406504065045,246
26714,~26715C,aa:M:F65L,0.002145922746781116,466
21592,~21593T,aa:S:V11F,0.02040816326530612,98
22807,~22808A,aa:S:G416R,0.01639344262295082,61
2633,~2634A,aa:orf1a:L790*,0.017241379310344827,58
7102,~7103G,aa:orf1a:T2280A,0.012048192771084338,83
7102,~7103T,aa:orf1a:T2280S,0.012048192771084338,83
17936,~17937T,aa:orf1b:R1490S,0.012345679012345678,81
17871,~17872A,aa:orf1b:F1469I,0.008695652173913044,115
12494,~12495C,aa:orf1a:Y4077S,0.008620689655172414,116
12344,~12345T,aa:orf1a:S4027I,0.0125,80
12326,~12327T,aa:orf1a:K4021M,0.014084507042253521,71
13489,~13490G,aa:orf1b:A8G,0.007518796992481203,133
26640,~26641A,aa:M:A40D,0.00392156862745098,255
10232,~10233T,aa:orf1a:R3323L,0.017241379310344827,58
13778,~13779C,T13779C,0.006622516556291391,151
13678,~13679G,aa:orf1b:Y71C,0.004694835680751174,213
13597,~13598T,aa:orf1b:C44F,0.009900990099009901,202
23893,~23894T,aa:S:T778S,0.045454545454545456,22
23710,~23711G,aa:S:N717D,0.024390243902439025,41
23922,~23923T,aa:S:Q787H,0.043478260869565216,23
28283,~28284T,aa:N:N4I,0.023529411764705882,85
28144,~28145G,A28145G,0.03571428571428571,28
19205,~19206A,C19206A,0.005291005291005291,189
1366,~1367T,aa:orf1a:I368F,0.019230769230769232,52
1403,~1404A,aa:orf1a:P380H,0.019230769230769232,52
13267,~13268A,aa:orf1a:D4335N,0.0047169811320754715,212
2965,~2966G,aa:orf1a:S901G,0.0018552875695732839,539
3586,~3587A,aa:orf1a:H1108N,0.014492753623188406,69
3581,~3582T,aa:orf1a:S1106I,0.014285714285714285,70
3421,~3422G,aa:orf1a:K1053E,0.03333333333333333,30
16197,~16198C,aa:orf1b:F911L,0.04,25
13279,~13280A,aa:orf1a:P4339T,0.004807692307692308,208
13713,~13714T,aa:orf1b:D83Y,0.004672897196261682,214
783,~784A,C784A,0.0625,16
899,~900A,aa:orf1a:S212*,0.05555555555555555,18
780,~781T,aa:orf1a:E172D,0.0625,16
10675,~10676C,T10676C,0.125,8
26816,~26817G,aa:M:S99A,0.0021413276231263384,467
14433,~14434T,aa:orf1b:K323*,0.004464285714285714,224
6962,~6963A,aa:orf1a:F2233Y,0.00641025641025641,156
1851,~1852G,aa:orf1a:I529M,0.023809523809523808,42
1847,~1848A,aa:orf1a:S528*,0.023809523809523808,42
1788,~1789A,aa:orf1a:N508K,0.017543859649122806,57
1773,~1774C,T1774C,0.01639344262295082,61
1840,~1841A,aa:orf1a:Q526K,0.022727272727272728,44
13748,~13749A,G13749A,0.005405405405405406,185
13586,~13587G,A13587G,0.005263157894736842,190
13586,~13587T,A13587T,0.005263157894736842,190
9989,~9990T,aa:orf1a:S3242I,0.05263157894736842,19
10011,~10012G,T10012G,0.047619047619047616,21
4893,~4894T,A4894T,0.05,20
13666,~13667A,aa:orf1b:T67N,0.0049504950495049506,202
13680,~13681A,aa:orf1b:Q72K,0.004694835680751174,213
22099,~22100T,aa:S:E180*,0.0136986301369863,73
20951,~20952T,A20952T,0.07692307692307693,13
20964,~20965C,aa:orf1b:F2500L,0.07692307692307693,13
15388,~15389G,aa:orf1b:H641R,0.08333333333333333,12
10454,~10455A,aa:orf1a:F3397Y,0.03225806451612903,31
12597,~12598A,T12598A,0.015151515151515152,66
12549,~12550T,aa:orf1a:L4095F,0.010869565217391304,92
12565,~12566T,aa:orf1a:V4101F,0.011904761904761904,84
28121,~28122T,aa:orf8:G77C,0.04,25
28069,~28070T,aa:orf8:E59D,0.05555555555555555,18
28140,~28141T,aa:orf8:C83F,0.03571428571428571,28
28108,~28109T,aa:orf8:Q72H,0.045454545454545456,22
28148,~28149A,aa:orf8:F86I,0.037037037037037035,27
28307,~28308A,aa:N:A12E,0.009708737864077669,103
700,~701T,aa:orf1a:G146C,0.07142857142857142,14
28475,~28476T,aa:N:R68L,0.012345679012345678,81
1716,~1717G,A1717G,0.016666666666666666,60
1682,~1683A,aa:orf1a:I473N,0.017241379310344827,58
24426,~24427A,aa:S:N955K,0.027777777777777776,36
987,~988T,C988T,0.030303030303030304,33
9196,~9197G,aa:orf1a:T2978A,0.0196078431372549,51
27276,~27277T,aa:orf6:I26F,0.05555555555555555,18
8641,~8642T,aa:orf1a:V2793F,0.004651162790697674,215
11383,~11384G,aa:orf1a:R3707G,0.038461538461538464,26
25360,~25361T,aa:S:G1267*,0.012195121951219513,82
28576,~28577G,aa:N:K102E,0.030303030303030304,33
19252,~19253C,aa:orf1b:V1929A,0.010638297872340425,94
18994,~18995A,aa:orf1b:A1843D,0.003875968992248062,258
28554,~28555A,T28555A,0.020833333333333332,48
28248,~28249T,aa:orf8:D119V,0.013888888888888888,72
22229,~22230A,aa:S:L223*,0.0041841004184100415,239
3636,~3637C,aa:orf1a:K1124N,0.014084507042253521,71
7392,~7393T,G7393T,0.06666666666666667,15
7442,~7443A,aa:orf1a:V2393E,0.04,25
7483,~7484A,aa:orf1a:S2407T,0.02631578947368421,38
7433,~7434C,aa:orf1a:F2390S,0.04,25
21551,~21552A,aa:orf1b:N2695K,0.010526315789473684,95
23060,~23061A,aa:S:T500N,0.029411764705882353,34
22816,~22817T,aa:S:A419S,0.01639344262295082,61
22138,~22139A,aa:S:V193M,0.006493506493506494,154
19249,~19250T,aa:orf1b:R1928I,0.009345794392523364,107
19229,~19230C,T19230C,0.006666666666666667,150
12364,~12365C,aa:orf1a:F4034L,0.010526315789473684,95
18967,~18968T,aa:orf1b:R1834I,0.004694835680751174,213
22320,~22321A,aa:S:D253E,0.004629629629629629,216
9764,~9765A,aa:orf1a:F3167Y,0.007246376811594203,138
9766,~9767T,aa:orf1a:N3168Y,0.007246376811594203,138
9422,~9423C,aa:orf1a:V3053A,0.1111111111111111,9
2616,~2617C,T2617C,0.01818181818181818,55
26825,~26826A,aa:M:L102M,0.0021413276231263384,467
26787,~26788T,aa:M:G89V,0.002150537634408602,465
26721,~26722A,aa:M:L67H,0.004246284501061571,471
21545,~21546A,T21546A,0.010526315789473684,95
21424,~21425C,aa:orf1b:G2653A,0.0125,80
21447,~21448T,aa:orf1b:E2661*,0.011111111111111112,90
21406,~21407A,aa:orf1b:F2647Y,0.014084507042253521,71
17741,~17742C,T17742C,0.009009009009009009,111
22267,~22268G,aa:S:T236A,0.004484304932735426,223
3707,~3708C,aa:orf1a:L1148S,0.015625,64
3729,~3730A,T3730A,0.01694915254237288,59
18490,~18491T,aa:orf1b:P1675L,0.004329004329004329,231
17067,~17068C,aa:orf1b:S1201P,0.043478260869565216,23
17067,~17068G,aa:orf1b:S1201A,0.043478260869565216,23
17073,~17074A,aa:orf1b:L1203I,0.045454545454545456,22
27006,~27007T,aa:M:K162M,0.018867924528301886,53
18922,~18923T,aa:orf1b:E1819V,0.011834319526627219,169
18540,~18541A,aa:orf1b:Q1692K,0.005376344086021506,186
6232,~6233T,aa:orf1a:I1990F,0.030303030303030304,33
14420,~14421T,A14421T,0.004807692307692308,208
14420,~14421G,A14421G,0.004807692307692308,208
18475,~18476C,aa:orf1b:F1670S,0.004484304932735426,223
18427,~18428T,aa:orf1b:N1654I,0.0043859649122807015,228
18427,~18428G,aa:orf1b:N1654S,0.0043859649122807015,228
28222,~28223A,G28223A,0.01639344262295082,61
28312,~28313A,aa:N:R14S,0.009615384615384616,104
19211,~19212T,aa:orf1b:R1915S,0.005747126436781609,174
15012,~15013T,aa:orf1b:D516Y,0.014285714285714285,70
21752,~21753C,aa:S:W64S,0.020833333333333332,48
21744,~21745C,T21745C,0.020833333333333332,48
19198,~19199T,aa:orf1b:C1911F,0.0048543689320388345,206
17751,~17752C,aa:orf1b:W1429R,0.008403361344537815,119
10294,~10295A,aa:orf1a:S3344T,0.019230769230769232,52
23908,~23909T,aa:S:A783S,0.045454545454545456,22
20449,~20450G,aa:orf1b:N2328S,0.02631578947368421,38
20426,~20427C,T20427C,0.029411764705882353,34
20426,~20427A,T20427A,0.029411764705882353,34
9729,~9730T,aa:orf1a:W3155C,0.0058823529411764705,170
9740,~9741T,aa:orf1a:N3159I,0.012422360248447204,161
9740,~9741G,aa:orf1a:N3159S,0.006211180124223602,161
15275,~15276A,T15276A,0.014925373134328358,67
15275,~15276C,T15276C,0.014925373134328358,67
26813,~26814T,aa:M:A98S,0.006437768240343348,466
23749,~23750G,aa:S:S730A,0.02564102564102564,39
23668,~23669G,aa:S:N703D,0.03125,32
6788,~6789C,aa:orf1a:L2175S,0.013157894736842105,76
19138,~19139C,aa:orf1b:F1891S,0.0036900369003690036,271
22474,~22475A,aa:S:S305T,0.016666666666666666,60
14535,~14536A,aa:orf1b:L357I,0.0033333333333333335,300
8611,~8612T,aa:orf1a:V2783F,0.0038910505836575876,257
8611,~8612A,aa:orf1a:V2783I,0.0038910505836575876,257
29384,~29385T,aa:N:D371V,0.018518518518518517,54
19112,~19113A,aa:orf1b:D1882E,0.0036496350364963502,274
19151,~19152G,C19152G,0.003816793893129771,262
7451,~7452T,aa:orf1a:S2396I,0.04,25
23868,~23869T,A23869T,0.04,25
23834,~23835T,aa:S:S758I,0.02857142857142857,35
23773,~23774A,aa:S:C738S,0.02631578947368421,38
23773,~23774C,aa:S:C738R,0.02631578947368421,38
12499,~12500T,aa:orf1a:T4079S,0.008695652173913044,115
8947,~8948T,aa:orf1a:I2895F,0.037037037037037035,27
15296,~15297G,aa:orf1b:Y610*,0.019230769230769232,52
17951,~17952T,A17952T,0.012987012987012988,77
17758,~17759G,aa:orf1b:K1431R,0.008403361344537815,119
17791,~17792G,aa:orf1b:N1442S,0.00847457627118644,118
14474,~14475T,A14475T,0.0035587188612099642,281
14474,~14475G,A14475G,0.0035587188612099642,281
11861,~11862T,aa:orf1a:K3866M,0.16666666666666666,6
11910,~11911T,aa:orf1a:E3882D,0.16666666666666666,6
11903,~11904T,aa:orf1a:R3880I,0.16666666666666666,6
11709,~11710A,T11710A,0.1111111111111111,9
11851,~11852A,aa:orf1a:S3863T,0.2,5
11915,~11916A,aa:orf1a:S3884*,0.16666666666666666,6
26934,~26935C,aa:M:L138P,0.0045045045045045045,222
26781,~26782C,aa:M:L87P,0.002105263157894737,475
17756,~17757G,A17757G,0.008403361344537815,119
17797,~17798G,aa:orf1b:V1444G,0.008771929824561403,114
4678,~4679A,aa:orf1a:P1472T,0.04,25
7100,~7101A,aa:orf1a:A2279E,0.011363636363636364,88
8660,~8661T,aa:orf1a:H2799L,0.006172839506172839,162
26927,~26928T,aa:M:S136C,0.008264462809917356,242
26873,~26874T,aa:M:I118F,0.002680965147453083,373
26873,~26874G,aa:M:I118V,0.002680965147453083,373
18546,~18547C,T18547C,0.0055248618784530384,181
25096,~25097G,aa:S:I1179V,0.022222222222222223,45
25329,~25330C,T25330C,0.014285714285714285,70
26622,~26623A,aa:M:L34H,0.005263157894736842,190
18373,~18374A,aa:orf1b:S1636Y,0.0048543689320388345,206
11715,~11716T,A11716T,0.125,8
29461,~29462T,aa:N:A397S,0.023809523809523808,42
1069,~1070T,aa:orf1a:E269*,0.02040816326530612,49
1236,~1237C,T1237C,0.01818181818181818,55
1059,~1060A,C1060A,0.02040816326530612,49
2834,~2835T,aa:orf1a:C857F,0.004201680672268907,238
3048,~3049A,aa:orf1a:D928E,0.001949317738791423,513
9598,~9599C,T9599C,0.005780346820809248,173
12121,~12122A,aa:orf1a:S3953T,0.07142857142857142,14
17446,~17447G,aa:orf1b:Q1327R,0.0078125,128
8445,~8446G,A8446G,0.0034129692832764505,293
12477,~12478T,aa:orf1a:M4071I,0.008849557522123894,113
12528,~12529T,A12529T,0.009708737864077669,103
7596,~7597C,T7597C,0.023809523809523808,42
7596,~7597G,aa:orf1a:F2444L,0.023809523809523808,42
18875,~18876C,T18876C,0.012195121951219513,82
28300,~28301A,C28301A,0.01020408163265306,98
18800,~18801T,aa:orf1b:Q1778H,0.014492753623188406,69
18800,~18801C,aa:orf1b:Q1778H,0.014492753623188406,69
24633,~24634A,T24634A,0.03225806451612903,31
15140,~15141T,C15141T,0.010526315789473684,95
2967,~2968C,T2968C,0.0036968576709796672,541
2967,~2968A,aa:orf1a:S901R,0.0018484288354898336,541
2938,~2939A,aa:orf1a:P892T,0.001869158878504673,535
13342,~13343A,aa:orf1a:P4360T,0.0047169811320754715,212
18696,~18697T,aa:orf1b:A1744S,0.014925373134328358,67
26965,~26966A,aa:M:H148Q,0.008,125
14674,~14675A,aa:orf1b:P403H,0.005555555555555556,180
20647,~20648A,aa:orf1b:P2394Q,0.02702702702702703,37
13705,~13706C,aa:orf1b:L80S,0.004545454545454545,220
13646,~13647A,aa:orf1b:Y60*,0.0049261083743842365,203
13600,~13601T,aa:orf1b:C45F,0.004901960784313725,204
20109,~20110T,aa:orf1b:G2215*,0.05,20
20412,~20413A,aa:orf1b:L2316I,0.03125,32
16741,~16742A,aa:orf1b:V1092D,0.05555555555555555,18
819,~820C,T820C,0.05263157894736842,19
8723,~8724A,aa:orf1a:I2820K,0.03571428571428571,28
5197,~5198G,aa:orf1a:R1645G,0.021739130434782608,46
7426,~7427T,aa:orf1a:A2388S,0.04,25
7492,~7493G,aa:orf1a:M2410V,0.02631578947368421,38
8875,~8876T,aa:orf1a:G2871C,0.03571428571428571,28
2830,~2831T,aa:orf1a:K856*,0.004464285714285714,224
22422,~22423C,T22423C,0.006993006993006993,143
22411,~22412G,aa:S:T284A,0.00641025641025641,156
22411,~22412T,aa:S:T284S,0.00641025641025641,156
1339,~1340A,aa:orf1a:Y359N,0.017241379310344827,58
864,~865A,aa:orf1a:C200*,0.047619047619047616,21
8930,~8931A,aa:orf1a:F2889Y,0.041666666666666664,24
9007,~9008A,aa:orf1a:L2915M,0.023809523809523808,42
11040,~11041T,aa:orf1a:L3592F,0.1111111111111111,9
20244,~20245T,aa:orf1b:M2260L,0.037037037037037035,27
13591,~13592A,aa:orf1b:T42N,0.005050505050505051,198
13500,~13501A,aa:orf1b:P12T,0.007518796992481203,133
24371,~24372A,aa:S:S937*,0.03125,32
24345,~24346C,T24346C,0.03333333333333333,30
7669,~7670A,aa:orf1a:V2469I,0.02857142857142857,35
28948,~28949G,aa:N:R226G,0.037037037037037035,27
15152,~15153C,T15153C,0.010526315789473684,95
15123,~15124T,aa:orf1b:I553F,0.010309278350515464,97
14432,~14433T,aa:orf1b:R322S,0.004484304932735426,223
26287,~26288G,aa:E:N15S,0.045454545454545456,22
3623,~3624A,aa:orf1a:P1120Q,0.014705882352941176,68
21497,~21498A,T21498A,0.010869565217391304,92
21436,~21437A,aa:orf1b:M2657K,0.011764705882352941,85
26766,~26767A,aa:M:I82N,0.0021141649048625794,473
26821,~26822A,aa:M:F100L,0.002145922746781116,466
28471,~28472A,aa:N:P67T,0.011904761904761904,84
14593,~14594T,aa:orf1b:G376V,0.003236245954692557,309
15283,~15284A,aa:orf1b:M606K,0.03225806451612903,62
15283,~15284C,aa:orf1b:M606T,0.016129032258064516,62
15297,~15298A,aa:orf1b:P611T,0.0196078431372549,51
15276,~15277A,aa:orf1b:H604N,0.014925373134328358,67
3015,~3016C,T3016C,0.0018281535648994515,547
3015,~3016A,T3016A,0.0018281535648994515,547
2854,~2855A,aa:orf1a:L864I,0.003215434083601286,311
28326,~28327C,T28327C,0.01904761904761905,105
28386,~28387T,aa:N:K38N,0.011363636363636364,88
28323,~28324A,aa:N:F17L,0.009523809523809525,105
10007,~10008A,aa:orf1a:V3248D,0.047619047619047616,21
10019,~10020A,aa:orf1a:P3252Q,0.047619047619047616,21
26976,~26977A,aa:M:A152D,0.012987012987012988,77
27090,~27091T,aa:M:D190V,0.02127659574468085,47
10843,~10844T,aa:orf1a:M3527L,0.05555555555555555,18
10954,~10955C,aa:orf1a:S3564P,0.0625,16
6950,~6951A,aa:orf1a:I2229N,0.006493506493506494,154
6953,~6954A,aa:orf1a:I2230K,0.006493506493506494,154
2875,~2876A,aa:orf1a:F871I,0.002631578947368421,380
22408,~22409T,aa:S:G283*,0.006211180124223602,161
12308,~12309T,aa:orf1a:Q4015L,0.014925373134328358,67
12356,~12357A,aa:orf1a:T4031K,0.011235955056179775,89
12356,~12357T,aa:orf1a:T4031I,0.011235955056179775,89
12305,~12306T,aa:orf1a:K4014I,0.015384615384615385,65
18917,~18918A,T18918A,0.006369426751592357,157
6067,~6068T,aa:orf1a:I1935F,0.012658227848101266,79
22133,~22134G,aa:S:E191G,0.006896551724137931,145
2746,~2747T,aa:orf1a:D828Y,0.01818181818181818,55
922,~923T,aa:orf1a:D220Y,0.058823529411764705,17
18688,~18689C,aa:orf1b:F1741S,0.016129032258064516,62
22766,~22767A,aa:S:I402N,0.0196078431372549,51
26615,~26616G,aa:M:I32V,0.005747126436781609,174
8633,~8634A,aa:orf1a:I2790K,0.004347826086956522,230
8598,~8599A,T8599A,0.0037174721189591076,269
3087,~3088G,aa:orf1a:F941L,0.002347417840375587,426
3087,~3088C,T3088C,0.002347417840375587,426
21543,~21544T,aa:orf1b:V2693F,0.010526315789473684,95
21536,~21537A,aa:orf1b:D2690E,0.011111111111111112,90
24616,~24617G,aa:S:R1019G,0.03125,32
18571,~18572T,aa:orf1b:S1702F,0.006289308176100629,159
18403,~18404A,aa:orf1b:T1646K,0.008733624454148471,229
14174,~14175T,aa:orf1b:L236F,0.05,20
14330,~14331C,T14331C,0.05555555555555555,18
8404,~8405C,aa:orf1a:N2714H,0.004032258064516129,248
21569,~21570A,aa:S:V3D,0.01,100
6955,~6956G,aa:orf1a:I2231V,0.006493506493506494,154
6899,~6900G,aa:orf1a:E2212G,0.006622516556291391,151
22242,~22243T,A22243T,0.004132231404958678,242
1626,~1627A,C1627A,0.01694915254237288,59
1597,~1598T,aa:orf1a:G445C,0.017857142857142856,56
12202,~12203G,aa:orf1a:L3980V,0.0625,16
22337,~22338A,aa:S:T259K,0.0045662100456621,219
26998,~26999A,aa:M:C159*,0.020833333333333332,48
24168,~24169T,aa:S:M869I,0.1111111111111111,9
22126,~22127A,aa:S:L189I,0.007518796992481203,133
20250,~20251T,aa:orf1b:I2262F,0.04,25
20251,~20252C,aa:orf1b:I2262T,0.038461538461538464,26
20162,~20163T,aa:orf1b:K2232N,0.03571428571428571,28
20260,~20261A,aa:orf1b:L2265*,0.04,25
18686,~18687A,aa:orf1b:C1740*,0.03225806451612903,62
18692,~18693A,C18693A,0.015625,64
18856,~18857T,aa:orf1b:D1797V,0.015873015873015872,63
26994,~26995T,aa:M:R158L,0.021739130434782608,46
1947,~1948A,T1948A,0.029411764705882353,34
24296,~24297A,aa:S:T912K,0.038461538461538464,26
24538,~24539T,aa:S:I993F,0.023809523809523808,42
14565,~14566T,aa:orf1b:A367S,0.0033222591362126247,301
826,~827G,aa:orf1a:N188D,0.05555555555555555,18
7578,~7579C,T7579C,0.02631578947368421,38
7573,~7574A,aa:orf1a:Y2437N,0.02631578947368421,38
25683,~25684A,aa:orf3a:A98T,0.034482758620689655,29
25645,~25646A,aa:orf3a:L85*,0.02631578947368421,38
19123,~19124T,aa:orf1b:K1886I,0.003484320557491289,287
19071,~19072T,aa:orf1b:D1869Y,0.0038314176245210726,261
13405,~13406A,aa:orf1a:C4381S,0.0053475935828877,187
29520,~29521G,A29521G,0.043478260869565216,23
29154,~29155C,aa:N:Q294H,0.04,25
13471,~13472C,aa:orf1b:V2A,0.008,125
27265,~27266C,aa:orf6:F22S,0.04,25
27119,~27120G,aa:M:R200G,0.02040816326530612,49
15840,~15841T,aa:orf1b:T792S,0.08333333333333333,12
18558,~18559A,aa:orf1b:L1698I,0.0058823529411764705,170
18362,~18363T,aa:orf1b:Q1632H,0.005025125628140704,199
18565,~18566T,aa:orf1b:N1700I,0.006289308176100629,159
26921,~26922A,aa:M:L134I,0.003937007874015748,254
26962,~26963G,A26963G,0.007462686567164179,134
29363,~29364A,aa:N:P364Q,0.037037037037037035,54
2928,~2929T,aa:orf1a:E888D,0.0018796992481203006,532
3183,~3184T,aa:orf1a:E973D,0.023255813953488372,43
3195,~3196G,A3196G,0.034482758620689655,29
14402,~14403A,aa:orf1b:F312L,0.005747126436781609,174
22261,~22262G,aa:S:N234D,0.004405286343612335,227
3763,~3764T,aa:orf1a:D1167Y,0.015384615384615385,65
11447,~11448G,aa:orf1a:D3728G,0.027777777777777776,36
11447,~11448T,aa:orf1a:D3728V,0.027777777777777776,36
3543,~3544G,T3544G,0.013513513513513514,74
3749,~3750A,aa:orf1a:L1162*,0.015873015873015872,63
3720,~3721A,T3721A,0.015873015873015872,63
2615,~2616T,aa:orf1a:C784F,0.018518518518518517,54
14411,~14412T,A14412T,0.005319148936170213,188
13605,~13606A,aa:orf1b:F47I,0.0048543689320388345,206
13605,~13606C,aa:orf1b:F47L,0.0048543689320388345,206
18889,~18890G,aa:orf1b:E1808G,0.008771929824561403,114
18793,~18794T,aa:orf1b:N1776I,0.014925373134328358,67
23102,~23103A,aa:S:S514Y,0.05555555555555555,18
14494,~14495T,aa:orf1b:G343V,0.0034129692832764505,293
14633,~14634G,A14634G,0.0038461538461538464,260
22312,~22313G,aa:S:P251A,0.004366812227074236,229
22273,~22274A,aa:S:F238I,0.0045871559633027525,218
22375,~22376A,aa:S:P272T,0.005154639175257732,194
14397,~14398T,aa:orf1b:V311L,0.006060606060606061,165
3665,~3666A,aa:orf1a:A1134D,0.014925373134328358,67
4424,~4425T,aa:orf1a:K1387I,0.014492753623188406,69
25127,~25128A,aa:S:V1189D,0.01694915254237288,59
18497,~18498A,aa:orf1b:M1677I,0.004310344827586207,232
25436,~25437T,aa:orf3a:L15F,0.015625,64
13550,~13551A,C13551A,0.0070921985815602835,141
13540,~13541A,aa:orf1b:A25D,0.008403361344537815,119
2871,~2872C,T2872C,0.0027247956403269754,367
2992,~2993T,aa:orf1a:E910*,0.0018281535648994515,547
3092,~3093A,aa:orf1a:P943Q,0.0024752475247524753,404
27008,~27009T,aa:M:D163Y,0.018867924528301886,53
27005,~27006G,aa:M:K162E,0.019230769230769232,52
4980,~4981T,A4981T,0.03225806451612903,31
10117,~10118C,aa:orf1a:C3285R,0.02702702702702703,37
3148,~3149A,aa:orf1a:F962I,0.004975124378109453,201
3069,~3070C,T3070C,0.0021008403361344537,476
3069,~3070A,aa:orf1a:D935E,0.0021008403361344537,476
8552,~8553C,aa:orf1a:G2763A,0.003355704697986577,298
8552,~8553T,aa:orf1a:G2763V,0.010067114093959731,298
8411,~8412G,aa:orf1a:K2716R,0.003875968992248062,258
13700,~13701A,aa:orf1b:Y78*,0.004694835680751174,213
13700,~13701C,T13701C,0.004694835680751174,213
16329,~16330T,aa:orf1b:D955Y,0.04,25
16267,~16268C,aa:orf1b:Q934P,0.05,20
18438,~18439G,aa:orf1b:S1658A,0.004405286343612335,227
9854,~9855G,aa:orf1a:V3197G,0.027777777777777776,36
29169,~29170T,aa:N:K299N,0.034482758620689655,29
29426,~29427T,aa:N:R385I,0.022727272727272728,44
29427,~29428T,aa:N:R385S,0.023255813953488372,43
2897,~2898A,aa:orf1a:A878D,0.0022222222222222222,450
2826,~2827G,aa:orf1a:N854K,0.0049261083743842365,203
19016,~19017A,aa:orf1b:F1850L,0.0035335689045936395,283
18313,~18314T,aa:orf1b:E1616V,0.007142857142857143,140
3096,~3097G,A3097G,0.002570694087403599,389
1071,~1072C,aa:orf1a:E269D,0.02040816326530612,49
17919,~17920G,aa:orf1b:N1485D,0.010869565217391304,92
29007,~29008A,T29008A,0.03571428571428571,28
13618,~13619G,aa:orf1b:D51G,0.004672897196261682,214
13611,~13612T,aa:orf1b:E49*,0.004672897196261682,214
25081,~25082T,aa:S:A1174S,0.02564102564102564,39
16884,~16885A,aa:orf1b:Y1140N,0.02857142857142857,35
16857,~16858T,aa:orf1b:A1131S,0.029411764705882353,34
16782,~16783G,aa:orf1b:T1106A,0.041666666666666664,24
16827,~16828G,aa:orf1b:Y1121D,0.027777777777777776,36
16846,~16847T,aa:orf1b:D1127V,0.027777777777777776,36
16812,~16813C,aa:orf1b:V1116L,0.034482758620689655,29
24042,~24043T,A24043T,0.06666666666666667,15
26881,~26882A,C26882A,0.00273224043715847,366
21107,~21108A,aa:orf1b:F2547L,0.02857142857142857,35
21137,~21138T,aa:orf1b:K2557N,0.023255813953488372,43
21133,~21134T,aa:orf1b:Q2556L,0.023809523809523808,42
21135,~21136T,aa:orf1b:K2557*,0.023255813953488372,43
3959,~3960C,aa:orf1a:I1232T,0.017241379310344827,58
3801,~3802A,aa:orf1a:D1179E,0.02040816326530612,49
1883,~1884A,aa:orf1a:A540D,0.02564102564102564,39
22899,~22900G,T22900G,0.015873015873015872,63
26468,~26469A,C26469A,0.024390243902439025,41
6259,~6260T,aa:orf1a:N1999Y,0.058823529411764705,17
19712,~19713C,T19713C,0.037037037037037035,27
29272,~29273T,aa:N:T334S,0.02,50
22155,~22156A,aa:S:D198E,0.0056179775280898875,178
26788,~26789A,C26789A,0.0021598272138228943,463
18596,~18597T,aa:orf1b:W1710C,0.007407407407407408,135
18932,~18933G,aa:orf1b:I1822M,0.005555555555555556,180
22215,~22216C,aa:S:Q218H,0.004329004329004329,231
6107,~6108T,aa:orf1a:K1948M,0.012048192771084338,83
4960,~4961T,aa:orf1a:R1566W,0.038461538461538464,26
28345,~28346T,aa:N:G25C,0.009345794392523364,107
26958,~26959A,aa:M:R146H,0.006802721088435374,147
26958,~26959T,aa:M:R146L,0.013605442176870748,147
18300,~18301T,aa:orf1b:G1612C,0.008064516129032258,124
18538,~18539A,aa:orf1b:V1691E,0.005291005291005291,189
3004,~3005A,aa:orf1a:F914I,0.001838235294117647,544
2998,~2999T,aa:orf1a:G912C,0.001838235294117647,544
18609,~18610T,aa:orf1b:E1715*,0.008849557522123894,113
7019,~7020A,aa:orf1a:V2252D,0.006993006993006993,143
21788,~21789G,aa:S:T76S,0.022222222222222223,45
13154,~13155C,aa:orf1a:M4297T,0.007575757575757576,132
13204,~13205T,aa:orf1a:A4314S,0.005681818181818182,176
17764,~17765A,aa:orf1b:V1433D,0.008130081300813009,123
17817,~17818A,aa:orf1b:L1451I,0.009259259259259259,108
11526,~11527T,aa:orf1a:L3754F,0.02564102564102564,39
28534,~28535A,C28535A,0.017241379310344827,58
9538,~9539A,aa:orf1a:L3092I,0.008928571428571428,112
4629,~4630G,aa:orf1a:H1455Q,0.018518518518518517,54
3061,~3062T,aa:orf1a:E933*,0.006072874493927126,494
23019,~23020A,aa:S:F486L,0.018867924528301886,53
23038,~23039A,aa:S:Q493K,0.02564102564102564,39
18606,~18607A,aa:orf1b:F1714I,0.008547008547008548,117
16420,~16421T,aa:orf1b:Q985L,0.0625,16
5897,~5898G,aa:orf1a:K1878R,0.029411764705882353,34
20454,~20455C,aa:orf1b:F2330L,0.02631578947368421,38
20695,~20696G,aa:orf1b:N2410S,0.034482758620689655,29
1017,~1018C,aa:orf1a:L251F,0.02564102564102564,39
8670,~8671A,aa:orf1a:F2802L,0.0070921985815602835,141
2894,~2895T,aa:orf1a:D877V,0.0022624434389140274,442
2894,~2895G,aa:orf1a:D877G,0.0022624434389140274,442
28411,~28412C,aa:N:N47H,0.01282051282051282,78
28221,~28222G,aa:orf8:E110G,0.01639344262295082,61
14663,~14664G,A14664G,0.014925373134328358,201
14663,~14664T,aa:orf1b:Q399H,0.004975124378109453,201
14665,~14666A,aa:orf1b:T400N,0.005025125628140704,199
7663,~7664T,aa:orf1a:D2467Y,0.02702702702702703,37
9716,~9717G,aa:orf1a:K3151R,0.005649717514124294,177
17739,~17740A,aa:orf1b:R1425S,0.00909090909090909,110
3704,~3705A,aa:orf1a:P1147Q,0.01639344262295082,61
3694,~3695A,aa:orf1a:L1144I,0.017241379310344827,58
22270,~22271G,aa:S:R237G,0.004545454545454545,220
18998,~18999T,A18999T,0.003816793893129771,262
18959,~18960T,G18960T,0.0049261083743842365,203
11012,~11013A,aa:orf1a:L3583*,0.07692307692307693,13
3338,~3339C,aa:orf1a:V1025A,0.07692307692307693,13
19089,~19090A,aa:orf1b:Y1875N,0.003861003861003861,259
19089,~19090C,aa:orf1b:Y1875H,0.003861003861003861,259
19240,~19241C,aa:orf1b:F1925S,0.007633587786259542,131
4493,~4494G,aa:orf1a:K1410R,0.012048192771084338,83
4498,~4499A,aa:orf1a:Q1412K,0.012345679012345678,81
11555,~11556T,aa:orf1a:E3764V,0.02631578947368421,38
8455,~8456T,aa:orf1a:S2731C,0.003257328990228013,307
8687,~8688T,aa:orf1a:G2808V,0.018691588785046728,107
8491,~8492T,aa:orf1a:T2743S,0.003389830508474576,295
8464,~8465T,aa:orf1a:K2734*,0.003355704697986577,298
17412,~17413T,aa:orf1b:A1316S,0.009900990099009901,101
17465,~17466T,A17466T,0.007246376811594203,138
21292,~21293A,aa:orf1b:L2609H,0.03333333333333333,30
21319,~21320T,aa:orf1b:G2618V,0.02564102564102564,39
2932,~2933A,aa:orf1a:L890I,0.0018656716417910447,536
14383,~14384G,aa:orf1b:V306G,0.007407407407407408,135
28449,~28450C,T28450C,0.011235955056179775,89
11662,~11663A,aa:orf1a:L3800I,0.05,20
18437,~18438C,T18438C,0.0044444444444444444,225
8419,~8420T,aa:orf1a:M2719L,0.0037735849056603774,265
18925,~18926C,aa:orf1b:Y1820S,0.005917159763313609,169
22206,~22207C,T22207C,0.0043859649122807015,228
22423,~22424T,aa:S:A288S,0.007142857142857143,140
27097,~27098G,T27098G,0.02127659574468085,47
14700,~14701T,aa:orf1b:D412Y,0.007692307692307693,130
22118,~22119A,aa:S:F186Y,0.017543859649122806,114
10291,~10292A,aa:orf1a:H3343N,0.03773584905660377,53
3131,~3132T,aa:orf1a:Q956L,0.0036231884057971015,276
23028,~23029T,C23029T,0.020833333333333332,48
26919,~26920A,aa:M:L133H,0.0038022813688212928,263
22304,~22305G,aa:S:Y248C,0.004524886877828055,221
9783,~9784A,aa:orf1a:S3173R,0.008,125
13076,~13077G,aa:orf1a:A4271G,0.013513513513513514,74
13487,~13488T,A13488T,0.007352941176470588,136
13383,~13384A,aa:orf1a:C4373*,0.009615384615384616,208
13351,~13352A,aa:orf1a:F4363I,0.004739336492890996,211
13843,~13844G,aa:orf1b:D126G,0.02,50
13800,~13801T,aa:orf1b:K112*,0.007692307692307693,130
18302,~18303T,C18303T,0.007874015748031496,127
23551,~23552G,aa:S:I664V,0.08333333333333333,12
4180,~4181T,aa:orf1a:A1306S,0.0625,16
4273,~4274C,aa:orf1a:Y1337H,0.06666666666666667,15
22111,~22112T,aa:S:G184C,0.01020408163265306,98
21987,~21988A,T21988A,0.02040816326530612,49
17679,~17680A,aa:orf1b:H1405N,0.008333333333333333,120
18395,~18396G,T18396G,0.004347826086956522,230
18040,~18041A,aa:orf1b:A1525D,0.047619047619047616,21
29322,~29323A,C29323A,0.02040816326530612,49
20074,~20075G,aa:orf1b:Q2203R,0.07692307692307693,13
28239,~28240C,aa:orf8:V116A,0.014492753623188406,69
18453,~18454T,aa:orf1b:K1663*,0.004545454545454545,220
5783,~5784A,aa:orf1a:T1840N,0.03571428571428571,28
24094,~24095T,aa:S:A845S,0.07142857142857142,14
3166,~3167T,aa:orf1a:A968S,0.009259259259259259,108
26925,~26926C,aa:M:E135A,0.00411522633744856,243
26925,~26926T,aa:M:E135V,0.00411522633744856,243
26672,~26673A,aa:M:L51I,0.0055248618784530384,362
19046,~19047G,A19047G,0.003787878787878788,264
19055,~19056T,aa:orf1b:K1863N,0.0038314176245210726,261
8418,~8419A,aa:orf1a:F2718L,0.0037735849056603774,265
10440,~10441C,T10441C,0.02702702702702703,37
10356,~10357A,aa:orf1a:Y3364*,0.019230769230769232,52
1745,~1746G,aa:orf1a:L494W,0.017543859649122806,57
13178,~13179T,aa:orf1a:G4305V,0.006896551724137931,145
10147,~10148A,aa:orf1a:L3295I,0.023809523809523808,42
20487,~20488C,aa:orf1b:C2341R,0.02857142857142857,35
26722,~26723C,T26723C,0.0021231422505307855,471
26630,~26631A,aa:M:F37I,0.004424778761061947,226
26705,~26706C,T26706C,0.0022471910112359553,445
26705,~26706A,aa:M:L62I,0.0022471910112359553,445
19122,~19123T,aa:orf1b:K1886*,0.003484320557491289,287
8267,~8268T,aa:orf1a:D2668V,0.027777777777777776,36
13601,~13602A,aa:orf1b:C45*,0.004901960784313725,204
22062,~22063C,T22063C,0.017857142857142856,56
22036,~22037T,aa:S:V159F,0.0196078431372549,51
2674,~2675A,aa:orf1a:P804T,0.01818181818181818,55
2555,~2556G,aa:orf1a:Q764R,0.037037037037037035,27
2606,~2607A,aa:orf1a:T781K,0.019230769230769232,52
14747,~14748T,aa:orf1b:E427D,0.047619047619047616,21
4471,~4472A,aa:orf1a:Q1403K,0.011627906976744186,86
17389,~17390T,aa:orf1b:S1308I,0.011494252873563218,87
29326,~29327C,T29327C,0.02,50
29355,~29356G,A29356G,0.01818181818181818,55
24529,~24530T,aa:S:E990*,0.022727272727272728,44
22212,~22213A,T22213A,0.0043859649122807015,228
27182,~27183T,aa:M:V221L,0.025,40
27180,~27181C,aa:M:L220P,0.025,40
27177,~27178A,aa:M:L219*,0.025,40
22425,~22426A,T22426A,0.007352941176470588,136
22425,~22426G,T22426G,0.007352941176470588,136
26711,~26712A,aa:M:C64S,0.0021929824561403508,456
26738,~26739T,aa:M:I73L,0.004149377593360996,482
26441,~26442A,aa:E:N66K,0.023809523809523808,42
8504,~8505A,aa:orf1a:T2747N,0.0033444816053511705,299
26748,~26749A,aa:M:I76N,0.002053388090349076,487
22230,~22231G,A22231G,0.0041841004184100415,239
25389,~25390A,C25390A,0.025974025974025976,77
25451,~25452A,C25452A,0.016129032258064516,62
25439,~25440C,aa:orf3a:K16N,0.015384615384615385,65
25432,~25433A,aa:orf3a:T14N,0.015384615384615385,65
25465,~25466G,aa:orf3a:P25R,0.01694915254237288,59
25455,~25456T,aa:orf3a:D22Y,0.016666666666666666,60
26626,~26627T,A26627T,0.004807692307692308,208
22174,~22175A,aa:S:S205T,0.005050505050505051,198
4517,~4518T,aa:orf1a:Y1418F,0.012658227848101266,79
4517,~4518G,aa:orf1a:Y1418C,0.012658227848101266,79
1312,~1313G,aa:orf1a:T350A,0.016129032258064516,62
2112,~2113T,C2113T,0.02564102564102564,39
3132,~3133T,aa:orf1a:Q956H,0.007407407407407408,270
28484,~28485T,aa:N:G71V,0.012987012987012988,77
2795,~2796T,aa:orf1a:E844V,0.009523809523809525,105
6997,~6998A,aa:orf1a:Y2245N,0.006802721088435374,147
6821,~6822A,aa:orf1a:T2186K,0.017857142857142856,112
2977,~2978C,aa:orf1a:Y905H,0.0018148820326678765,551
24250,~24251A,aa:S:P897T,0.06666666666666667,15
29767,~29768T,A29768T,0.05,20
1209,~1210T,aa:orf1a:M315I,0.016129032258064516,62
26818,~26819A,T26819A,0.002136752136752137,468
18396,~18397T,aa:orf1b:V1644L,0.004347826086956522,230
24628,~24629T,aa:S:N1023Y,0.030303030303030304,33
24629,~24630G,aa:S:N1023S,0.030303030303030304,33
1330,~1331G,aa:orf1a:T356A,0.01639344262295082,61
1545,~1546C,T1546C,0.020833333333333332,48
19119,~19120C,aa:orf1b:Y1885H,0.0035971223021582736,278
12576,~12577G,A12577G,0.0125,80
14429,~14430T,G14430T,0.0045662100456621,219
14417,~14418C,T14418C,0.005025125628140704,199
14764,~14765C,aa:orf1b:F433S,0.043478260869565216,23
14736,~14737G,aa:orf1b:S424G,0.05,40
14766,~14767T,aa:orf1b:A434S,0.043478260869565216,23
16389,~16390T,aa:orf1b:A975S,0.043478260869565216,23
7088,~7089T,aa:orf1a:N2275I,0.009708737864077669,103
6890,~6891C,aa:orf1a:F2209S,0.006756756756756757,148
17824,~17825A,aa:orf1b:T1453N,0.009174311926605505,109
9629,~9630C,aa:orf1a:F3122S,0.011049723756906077,181
19693,~19694A,aa:orf1b:S2076Y,0.038461538461538464,26
22238,~22239C,aa:S:L226S,0.004081632653061225,245
22330,~22331T,aa:S:G257C,0.004629629629629629,216
15162,~15163A,aa:orf1b:L566I,0.010869565217391304,92
15190,~15191C,aa:orf1b:G575A,0.010638297872340425,94
15170,~15171T,aa:orf1b:K568N,0.010752688172043012,93
15194,~15195C,T15195C,0.01098901098901099,91
26814,~26815A,aa:M:A98D,0.002150537634408602,465
26957,~26958A,aa:M:R146S,0.006578947368421052,152
18752,~18753A,aa:orf1b:N1762K,0.015625,64
9904,~9905C,aa:orf1a:Y3214H,0.0625,16
10104,~10105T,aa:orf1a:M3280I,0.030303030303030304,33
26870,~26871T,aa:M:N117Y,0.002652519893899204,377
13389,~13390T,aa:orf1a:M4375I,0.0049504950495049506,202
14449,~14450T,aa:orf1b:G328V,0.004132231404958678,242
14507,~14508A,aa:orf1b:N347K,0.006644518272425249,301
8457,~8458A,aa:orf1a:S2731R,0.009933774834437087,302
29362,~29363A,aa:N:P364T,0.018518518518518517,54
22888,~22889A,aa:S:S443T,0.015625,64
9163,~9164G,aa:orf1a:T2967A,0.017241379310344827,58
6085,~6086A,aa:orf1a:L1941I,0.012048192771084338,83
18436,~18437A,aa:orf1b:F1657Y,0.004424778761061947,226
19253,~19254T,G19254T,0.010869565217391304,92
28278,~28279C,T28279C,0.012048192771084338,83
8051,~8052G,aa:orf1a:N2596S,0.02631578947368421,38
7855,~7856C,aa:orf1a:N2531H,0.03225806451612903,31
20095,~20096T,aa:orf1b:Q2210L,0.058823529411764705,17
28277,~28278A,aa:N:S2Y,0.012048192771084338,83
18983,~18984T,aa:orf1b:M1839I,0.004048582995951417,247
18897,~18898T,aa:orf1b:V1811F,0.007874015748031496,127
19009,~19010T,aa:orf1b:D1848V,0.003703703703703704,270
19179,~19180T,aa:orf1b:V1905L,0.004366812227074236,229
25331,~25332G,aa:S:D1257G,0.0136986301369863,73
15095,~15096A,aa:orf1b:N543K,0.00980392156862745,102
15215,~15216G,aa:orf1b:S583R,0.011111111111111112,90
15248,~15249T,aa:orf1b:K594N,0.012658227848101266,79
15200,~15201T,A15201T,0.010869565217391304,92
28448,~28449G,aa:N:H59R,0.011235955056179775,89
21631,~21632A,aa:S:L24I,0.011235955056179775,89
21843,~21844A,C21844A,0.03571428571428571,28
20464,~20465T,aa:orf1b:D2333V,0.02631578947368421,38
3531,~3532A,aa:orf1a:D1089E,0.013888888888888888,72
21371,~21372T,aa:orf1b:Q2635H,0.018867924528301886,53
21548,~21549T,C21549T,0.010638297872340425,94
3821,~3822A,aa:orf1a:L1186H,0.01818181818181818,55
3956,~3957G,aa:orf1a:K1231R,0.016666666666666666,60
12444,~12445A,aa:orf1a:N4060K,0.009523809523809525,105
25872,~25873G,aa:orf3a:N161D,0.06666666666666667,15
4436,~4437A,aa:orf1a:V1391D,0.01282051282051282,78
4567,~4568T,aa:orf1a:I1435F,0.012658227848101266,79
4513,~4514T,aa:orf1a:D1417Y,0.013333333333333334,75
7026,~7027T,aa:orf1a:M2254I,0.007462686567164179,134
14608,~14609T,aa:orf1b:D381V,0.003472222222222222,288
14504,~14505C,T14505C,0.0033444816053511705,299
14498,~14499A,T14499A,0.006779661016949152,295
28253,~28254G,aa:orf8:I121V,0.0136986301369863,73
13656,~13657T,aa:orf1b:K64*,0.0049261083743842365,203
14635,~14636A,aa:orf1b:A390D,0.00390625,256
4016,~4017G,aa:orf1a:E1251G,0.022222222222222223,45
4039,~4040T,aa:orf1a:I1259F,0.025,40
4046,~4047C,aa:orf1a:G1261A,0.02631578947368421,38
19146,~19147A,aa:orf1b:Y1894N,0.0037593984962406013,266
10896,~10897G,aa:orf1a:I3544M,0.0625,16
11628,~11629A,aa:orf1a:Y3788*,0.037037037037037035,27
11619,~11620A,aa:orf1a:F3785L,0.038461538461538464,26
11594,~11595T,aa:orf1a:Q3777L,0.03225806451612903,31
13268,~13269G,aa:orf1a:D4335G,0.004694835680751174,213
13258,~13259A,aa:orf1a:C4332S,0.004830917874396135,207
22216,~22217T,aa:S:G219C,0.004347826086956522,230
14723,~14724A,aa:orf1b:F419L,0.012987012987012988,77
14678,~14679C,T14679C,0.005649717514124294,177
14760,~14761C,aa:orf1b:F432L,0.047619047619047616,21
12163,~12164T,aa:orf1a:A3967S,0.0625,16
12207,~12208T,aa:orf1a:K3981N,0.0625,16
14636,~14637A,T14637A,0.003937007874015748,254
3606,~3607C,T3607C,0.014925373134328358,67
3622,~3623A,aa:orf1a:P1120T,0.014705882352941176,68
7491,~7492A,aa:orf1a:C2409*,0.05263157894736842,38
10814,~10815A,aa:orf1a:S3517Y,0.058823529411764705,17
5928,~5929C,T5929C,0.02631578947368421,38
6020,~6021T,aa:orf1a:P1919L,0.012048192771084338,83
6200,~6201A,aa:orf1a:F1979Y,0.02127659574468085,47
8682,~8683A,C8683A,0.008620689655172414,116
17339,~17340G,A17340G,0.02702702702702703,37
17470,~17471C,aa:orf1b:L1335P,0.007042253521126761,142
16003,~16004G,aa:orf1b:M846R,0.06666666666666667,15
13521,~13522G,aa:orf1b:T19A,0.008695652173913044,115
13697,~13698C,T13698C,0.004739336492890996,211
26882,~26883T,aa:M:N121Y,0.0027397260273972603,365
24274,~24275T,aa:S:R905W,0.045454545454545456,22
24334,~24335G,aa:S:N925D,0.03225806451612903,31
23737,~23738T,aa:S:I726F,0.02631578947368421,38
12029,~12030G,aa:orf1a:Q3922R,0.08333333333333333,12
27354,~27355C,T27355C,0.058823529411764705,17
26620,~26621A,aa:M:C33*,0.005434782608695652,184
21840,~21841C,T21841C,0.034482758620689655,29
24638,~24639A,aa:S:A1026D,0.03225806451612903,31
19105,~19106T,aa:orf1b:C1880F,0.003703703703703704,270
18747,~18748A,aa:orf1b:Y1761N,0.015625,64
21244,-21245.2,del:21245:2,0.023809523809523808,42
9123,~9124A,T9124A,0.018867924528301886,53
28238,~28239T,aa:orf8:V116F,0.014492753623188406,69
28504,~28505T,aa:N:S78C,0.015384615384615385,65
28503,~28504C,T28504C,0.015384615384615385,65
19190,~19191A,aa:orf1b:F1908L,0.004651162790697674,215
2848,~2849A,aa:orf1a:V862I,0.0034482758620689655,290
2848,~2849T,aa:orf1a:V862F,0.0034482758620689655,290
2852,~2853G,aa:orf1a:E863G,0.006578947368421052,304
19872,~19873G,aa:orf1b:I2136V,0.05,20
8386,~8387T,aa:orf1a:N2708Y,0.0045871559633027525,218
8390,~8391C,aa:orf1a:I2709T,0.004424778761061947,226
8448,~8449T,aa:orf1a:Q2728H,0.0033783783783783786,296
8448,~8449G,A8449G,0.0033783783783783786,296
8621,~8622A,aa:orf1a:I2786N,0.00411522633744856,243
8621,~8622C,aa:orf1a:I2786T,0.00411522633744856,243
8336,~8337T,aa:orf1a:C2691F,0.00819672131147541,122
24053,~24054A,aa:S:A831D,0.0625,16
17893,~17894G,aa:orf1b:A1476G,0.009615384615384616,104
19152,~19153G,aa:orf1b:T1896A,0.0038314176245210726,261
3035,~3036G,aa:orf1a:F924C,0.001876172607879925,533
3035,~3036C,aa:orf1a:F924S,0.001876172607879925,533
28566,~28567A,aa:N:D98E,0.02702702702702703,37
28555,~28556G,aa:N:R95G,0.020833333333333332,48
1328,~1329A,aa:orf1a:T355N,0.016129032258064516,62
1539,~1540T,A1540T,0.022727272727272728,44
1584,~1585T,A1585T,0.02,50
9802,~9803A,aa:orf1a:L3180M,0.009433962264150943,106
9795,~9796T,aa:orf1a:E3177D,0.017391304347826087,115
29041,~29042G,aa:N:K257E,0.09090909090909091,22
28656,~28657A,aa:N:D128E,0.03333333333333333,30
1445,~1446G,aa:orf1a:K394R,0.017857142857142856,56
13609,~13610G,aa:orf1b:Q48R,0.004784688995215311,209
8526,~8527G,A8527G,0.006734006734006734,297
8471,~8472T,aa:orf1a:N2736I,0.0033783783783783786,296
5916,~5917T,aa:orf1a:L1884F,0.02702702702702703,37
2887,~2888T,aa:orf1a:V875L,0.002364066193853428,423
3918,~3919A,aa:orf1a:S1218R,0.017241379310344827,58
27156,~27157T,aa:M:S212I,0.0196078431372549,51
8646,~8647A,aa:orf1a:H2794Q,0.0049504950495049506,202
2915,~2916T,aa:orf1a:Q884L,0.002008032128514056,498
3088,~3089T,aa:orf1a:E942*,0.002364066193853428,423
6027,~6028T,A6028T,0.012048192771084338,83
18328,~18329A,aa:orf1b:T1621N,0.006289308176100629,159
18465,~18466T,aa:orf1b:G1667*,0.004484304932735426,223
13505,~13506A,aa:orf1b:C13*,0.007518796992481203,133
6267,~6268A,C6268A,0.09090909090909091,11
27549,~27550G,aa:orf7a:K53E,0.1111111111111111,9
22366,~22367A,aa:S:Y269N,0.0049261083743842365,203
16127,~16128T,A16128T,0.058823529411764705,17
16821,~16822T,aa:orf1b:G1119*,0.029411764705882353,34
18966,~18967T,aa:orf1b:R1834*,0.0047169811320754715,212
24789,~24790G,A24790G,0.058823529411764705,17
17406,~17407A,aa:orf1b:L1314I,0.010526315789473684,95
18694,~18695A,aa:orf1b:T1743N,0.015151515151515152,66
27164,~27165T,aa:M:D215Y,0.02,50
8477,~8478A,aa:orf1a:L2738*,0.003367003367003367,297
19029,~19030T,aa:orf1b:D1855Y,0.003663003663003663,273
5150,~5151A,aa:orf1a:V1629D,0.02127659574468085,47
5222,~5223A,aa:orf1a:T1653N,0.025,40
1917,~1918A,T1918A,0.027777777777777776,36
1793,~1794G,aa:orf1a:K510R,0.01818181818181818,55
21183,~21184C,aa:orf1b:W2573R,0.022222222222222223,45
23902,~23903T,aa:S:V781F,0.047619047619047616,21
19178,~19179A,T19179A,0.004273504273504274,234
22415,~22416A,aa:S:I285N,0.01935483870967742,155
22415,~22416C,aa:S:I285T,0.0064516129032258064,155
26707,~26708C,aa:M:L62F,0.0022371364653243847,447
6921,~6922T,aa:orf1a:K2219N,0.006666666666666667,150
6873,~6874A,T6874A,0.007194244604316547,139
3139,~3140A,aa:orf1a:P959T,0.00423728813559322,236
3070,~3071A,aa:orf1a:C936S,0.0021141649048625794,473
13610,~13611G,A13611G,0.004761904761904762,210
26737,~26738T,aa:M:R72S,0.002066115702479339,484
13159,~13160A,aa:orf1a:C4299S,0.007352941176470588,136
12555,~12556T,aa:orf1a:E4097D,0.011363636363636364,88
5879,~5880T,aa:orf1a:S1872I,0.037037037037037035,27
26719,~26720T,G26720T,0.002136752136752137,468
26794,~26795A,aa:M:M91I,0.0021645021645021645,462
13668,~13669C,aa:orf1b:F68L,0.0049261083743842365,203
13668,~13669A,aa:orf1b:F68I,0.0049261083743842365,203
25600,~25601T,aa:orf3a:Q70L,0.016666666666666666,60
7041,~7042T,aa:orf1a:M2259I,0.007874015748031496,127
28263,~28264T,A28264T,0.012658227848101266,79
3889,~3890T,aa:orf1a:E1209*,0.01639344262295082,61
3800,~3801G,aa:orf1a:D1179G,0.02040816326530612,49
1083,~1084G,aa:orf1a:F273L,0.019230769230769232,52
1307,~1308T,aa:orf1a:N348I,0.015384615384615385,65
26739,~26740C,aa:M:I73T,0.002061855670103093,485
22228,~22229A,aa:S:L223I,0.004166666666666667,240
22019,~22020C,aa:S:M153T,0.01818181818181818,55
22223,~22224A,aa:S:S221*,0.00423728813559322,236
8576,~8577G,aa:orf1a:K2771R,0.003401360544217687,294
19185,~19186A,aa:orf1b:L1907I,0.0045662100456621,219
18455,~18456G,A18456G,0.004524886877828055,221
18418,~18419A,aa:orf1b:T1651K,0.004310344827586207,232
28891,~28892A,aa:N:P207T,0.034482758620689655,29
15572,~15573A,aa:orf1b:D702E,0.08333333333333333,12
15536,~15537A,T15537A,0.125,8
15540,~15541T,aa:orf1b:T692S,0.125,8
15583,~15584C,aa:orf1b:I706T,0.07692307692307693,13
15173,~15174G,A15174G,0.010752688172043012,93
3056,~3057T,aa:orf1a:E931V,0.0019801980198019802,505
3143,~3144A,aa:orf1a:L960*,0.00909090909090909,220
17481,~17482G,aa:orf1b:T1339A,0.006993006993006993,143
17755,~17756T,aa:orf1b:R1430I,0.008403361344537815,119
22186,~22187T,aa:S:P209S,0.004629629629629629,216
3055,~3056T,aa:orf1a:E931*,0.0039447731755424065,507
6844,~6845T,aa:orf1a:M2194L,0.007751937984496124,129
13628,~13629A,aa:orf1b:D54E,0.004739336492890996,211
21668,~21669G,aa:S:V36G,0.014285714285714285,70
21685,~21686T,aa:S:V42F,0.01694915254237288,59
21618,~21619T,A21619T,0.010752688172043012,93
21329,~21330T,aa:orf1b:M2621I,0.023809523809523808,42
21593,~21594A,aa:S:V11D,0.01020408163265306,98
25060,~25061T,aa:S:G1167C,0.04,25
25123,~25124T,aa:S:E1188*,0.017857142857142856,56
25121,~25122T,aa:S:N1187I,0.017857142857142856,56
9108,~9109T,aa:orf1a:L2948F,0.018867924528301886,53
9050,~9051T,aa:orf1a:P2929L,0.02,50
22575,~22576C,T22576C,0.05263157894736842,19
7374,~7375A,aa:orf1a:N2370K,0.1111111111111111,9
10970,~10971T,aa:orf1a:Q3569L,0.07142857142857142,14
10967,~10968C,aa:orf1a:F3568S,0.07142857142857142,14
9765,~9766C,T9766C,0.007246376811594203,138
9765,~9766A,aa:orf1a:F3167L,0.007246376811594203,138
26652,~26653T,aa:M:R44M,0.003367003367003367,297
3270,~3271A,T3271A,0.07142857142857142,14
18718,~18719T,aa:orf1b:W1751L,0.014492753623188406,69
15047,~15048A,C15048A,0.012345679012345678,81
14979,~14980A,aa:orf1b:L505I,0.024390243902439025,41
15033,~15034G,aa:orf1b:K523E,0.014285714285714285,70
22208,~22209G,aa:S:L216R,0.004405286343612335,227
26800,~26801A,C26801A,0.0021645021645021645,462
26740,~26741T,A26741T,0.00205761316872428,486
17777,~17778C,T17778C,0.008333333333333333,120
17702,~17703A,aa:orf1b:N1412K,0.008849557522123894,113
26725,~26726A,T26726A,0.0021141649048625794,473
26859,~26860G,aa:M:N113S,0.002457002457002457,407
23624,~23625A,aa:S:A688D,0.041666666666666664,24
16870,~16871T,aa:orf1b:R1135L,0.030303030303030304,33
22831,~22832G,aa:S:K424E,0.016666666666666666,60
2986,~2987C,aa:orf1a:F908L,0.0036496350364963502,548
26875,~26876C,T26876C,0.002680965147453083,373
26852,~26853A,aa:M:S111T,0.002369668246445498,422
13784,~13785T,A13785T,0.006802721088435374,147
13784,~13785G,A13785G,0.013605442176870748,147
14611,~14612G,aa:orf1b:K382R,0.0034965034965034965,286
3059,~3060G,aa:orf1a:E932G,0.002,500
23574,~23575A,aa:S:C671*,0.05555555555555555,18
6171,~6172A,T6172A,0.01694915254237288,59
6171,~6172C,T6172C,0.01694915254237288,59
6160,~6161T,aa:orf1a:D1966Y,0.016129032258064516,62
13417,~13418A,aa:orf1a:Q4385K,0.011428571428571429,175
1085,~1086A,aa:orf1a:V274E,0.019230769230769232,52
14514,~14515T,aa:orf1b:V350L,0.003355704697986577,298
1233,~1234A,aa:orf1a:C323*,0.01818181818181818,55
1233,~1234C,T1234C,0.01818181818181818,55
14754,~14755A,aa:orf1b:H430N,0.047619047619047616,21
14904,~14905G,aa:orf1b:N480D,0.041666666666666664,24
17568,~17569A,aa:orf1b:P1368T,0.007751937984496124,129
17653,~17654G,aa:orf1b:K1396R,0.008,125
25623,~25624A,aa:orf3a:H78N,0.02040816326530612,49
18577,~18578T,aa:orf1b:R1704I,0.0064516129032258064,155
2818,~2819A,aa:orf1a:V852I,0.005681818181818182,176
17804,~17805T,A17805T,0.008928571428571428,112
17849,~17850A,C17850A,0.008928571428571428,112
1904,~1905C,aa:orf1a:I547T,0.02564102564102564,39
2081,~2082A,aa:orf1a:V606D,0.02857142857142857,35
18945,~18946A,aa:orf1b:L1827M,0.005154639175257732,194
26826,~26827G,aa:M:L102R,0.0021413276231263384,467
28361,~28362T,aa:N:G30V,0.010309278350515464,97
28893,~28894A,T28894A,0.034482758620689655,29
8655,~8656A,T8656A,0.005714285714285714,175
11322,~11323T,A11323T,0.1111111111111111,9
22343,~22344T,aa:S:G261V,0.004545454545454545,220
13737,~13738T,aa:orf1b:D91Y,0.005154639175257732,194
11696,~11697T,aa:orf1a:Y3811F,0.07142857142857142,14
3097,~3098G,aa:orf1a:T945A,0.0025974025974025974,385
13583,~13584A,aa:orf1b:F39L,0.005405405405405406,185
13302,~13303G,A13303G,0.004784688995215311,209
13304,~13305C,aa:orf1a:G4347A,0.004739336492890996,211
21337,~21338G,aa:orf1b:N2624S,0.02040816326530612,49
14094,~14095C,aa:orf1b:F210L,0.058823529411764705,17
14328,~14329T,aa:orf1b:N288Y,0.05555555555555555,18
17482,~17483A,aa:orf1b:T1339K,0.006993006993006993,143
17497,~17498T,aa:orf1b:Y1344F,0.0070921985815602835,141
17494,~17495T,aa:orf1b:E1343V,0.007042253521126761,142
17409,~17410A,aa:orf1b:R1315S,0.010101010101010102,99
17548,~17549C,aa:orf1b:L1361P,0.007575757575757576,132
17499,~17500A,aa:orf1b:F1345I,0.0070921985815602835,141
17445,~17446A,aa:orf1b:Q1327K,0.007874015748031496,127
17467,~17468A,aa:orf1b:L1334*,0.0070921985815602835,141
17646,~17647C,aa:orf1b:C1394R,0.008403361344537815,119
6882,~6883A,C6883A,0.006896551724137931,145
26866,~26867G,A26867G,0.0025906735751295338,386
26903,~26904T,aa:M:I128F,0.0033783783783783786,296
26851,~26852T,aa:M:W110C,0.004694835680751174,426
25386,~25387T,G25387T,0.01282051282051282,78
6835,~6836G,aa:orf1a:K2191E,0.008130081300813009,123
6876,~6877T,aa:orf1a:K2204N,0.0070921985815602835,141
8644,~8645A,aa:orf1a:H2794N,0.004878048780487805,205
8599,~8600C,aa:orf1a:V2779L,0.0037313432835820895,268
18515,~18516T,aa:orf1b:W1683C,0.0047169811320754715,212
17935,~17936T,aa:orf1b:R1490I,0.012345679012345678,81
12907,~12908C,aa:orf1a:F4215L,0.019230769230769232,52
4480,~4481A,aa:orf1a:Y1406N,0.011764705882352941,85
1586,~1587T,aa:orf1a:E441V,0.02,50
1796,~1797G,aa:orf1a:V511G,0.017857142857142856,56
5244,~5245T,aa:orf1a:Q1660H,0.03225806451612903,31
5180,~5181G,aa:orf1a:D1639G,0.02040816326530612,49
5101,~5102G,aa:orf1a:H1613D,0.02,50
5178,~5179C,T5179C,0.02040816326530612,49
5160,~5161A,aa:orf1a:F1632L,0.020833333333333332,48
19290,~19291T,aa:orf1b:S1942C,0.029411764705882353,34
9760,~9761T,aa:orf1a:V3166F,0.0070921985815602835,141
7066,~7067T,aa:orf1a:E2268*,0.008620689655172414,116
6965,~6966A,aa:orf1a:L2234*,0.006493506493506494,154
20035,~20036G,aa:orf1b:N2190S,0.0625,16
1345,~1346T,aa:orf1a:P361S,0.017857142857142856,56
25198,~25199G,aa:S:P1213A,0.013333333333333334,75
26777,~26778A,aa:M:C86S,0.0021008403361344537,476
26777,~26778C,aa:M:C86R,0.0021008403361344537,476
28260,~28261A,C28261A,0.012987012987012988,77
18073,~18074T,aa:orf1b:S1536I,0.045454545454545456,22
26639,~26640T,aa:M:A40S,0.003937007874015748,254
22350,~22351T,A22351T,0.004608294930875576,217
19798,~19799G,aa:orf1b:K2111R,0.038461538461538464,26
13560,~13561G,aa:orf1b:K32E,0.006369426751592357,157
25089,~25090A,T25090A,0.02564102564102564,39
25052,~25053A,aa:S:V1164D,0.05,20
6150,~6151A,aa:orf1a:D1962E,0.014492753623188406,69
27478,~27479A,aa:orf7a:V29E,0.06666666666666667,15
6875,~6876T,aa:orf1a:K2204M,0.0070921985815602835,141
19087,~19088C,aa:orf1b:F1874S,0.0038461538461538464,260
26791,~26792T,aa:M:L90F,0.0021598272138228943,463
26767,~26768A,C26768A,0.002109704641350211,474
4445,~4446G,aa:orf1a:E1394G,0.012195121951219513,82
14604,~14605A,aa:orf1b:L380I,0.006734006734006734,297
14604,~14605G,aa:orf1b:L380V,0.003367003367003367,297
18781,~18782A,aa:orf1b:G1772D,0.015384615384615385,65
18801,~18802G,aa:orf1b:S1779G,0.014492753623188406,69
12314,~12315T,aa:orf1a:R4017I,0.015151515151515152,66
22060,~22061T,aa:S:T167S,0.017857142857142856,56
9563,~9564A,aa:orf1a:F3100Y,0.007575757575757576,132
28516,~28517T,aa:N:D82Y,0.015873015873015872,63
26667,~26668C,aa:M:I49T,0.0029069767441860465,344
9623,~9624A,aa:orf1a:V3120D,0.0056179775280898875,178
13362,~13363C,aa:orf1a:K4366N,0.004807692307692308,208
26871,~26872T,aa:M:N117I,0.0026666666666666666,375
21629,~21630G,aa:S:Q23R,0.011363636363636364,88
6172,~6173T,aa:orf1a:I1970F,0.017543859649122806,57
27513,~27514T,aa:orf7a:E41*,0.07692307692307693,13
22792,~22793T,aa:S:A411S,0.016666666666666666,60
26880,~26881A,aa:M:L120H,0.0027247956403269754,367
25404,~25405T,aa:orf3a:M5L,0.02857142857142857,70
26812,~26813C,T26813C,0.0021413276231263384,467
8542,~8543A,aa:orf1a:L2760I,0.0034129692832764505,293
4645,~4646T,aa:orf1a:E1461*,0.02127659574468085,47
4668,~4669G,T4669G,0.03225806451612903,31
6825,~6826A,aa:orf1a:N2187K,0.008620689655172414,116
18209,~18210T,aa:orf1b:M1581I,0.07142857142857142,14
9492,~9493A,aa:orf1a:H3076Q,0.018867924528301886,53
14672,~14673T,aa:orf1b:K402N,0.005434782608695652,184
21460,~21461T,aa:orf1b:N2665I,0.01098901098901099,91
13282,~13283G,aa:orf1a:K4340E,0.0048543689320388345,206
8412,~8413T,aa:orf1a:K2716N,0.003861003861003861,259
8579,~8580C,aa:orf1a:Q2772P,0.003436426116838488,291
18460,~18461A,aa:orf1b:P1665Q,0.0045045045045045045,222
25372,~25373G,aa:S:H1271D,0.012345679012345678,81
26993,~26994A,aa:M:R158S,0.022222222222222223,45
9542,~9543T,aa:orf1a:C3093F,0.00847457627118644,118
25489,~25490A,aa:orf3a:A33E,0.01639344262295082,61
28737,~28738C,T28738C,0.038461538461538464,26
6803,~6804T,aa:orf1a:C2180F,0.010416666666666666,96
25994,~25995A,T25995A,0.1111111111111111,9
26026,~26027T,aa:orf3a:Y212F,0.1111111111111111,9
2711,~2712T,aa:orf1a:K816I,0.017241379310344827,58
3013,~3014T,aa:orf1a:A917S,0.0018281535648994515,547
21936,~21937C,T21937C,0.02564102564102564,39
22035,~22036G,A22036G,0.02,50
12384,~12385T,aa:orf1a:L4040F,0.009708737864077669,103
24878,~24879T,aa:S:Q1106L,0.05555555555555555,18
24907,~24908T,aa:S:T1116S,0.05,20
28342,~28343T,aa:N:T24S,0.009259259259259259,108
11408,~11409C,aa:orf1a:L3715S,0.03225806451612903,31
11435,~11436T,aa:orf1a:G3724V,0.02857142857142857,35
26832,~26833A,aa:M:A104E,0.002145922746781116,466
29406,~29407G,A29407G,0.020833333333333332,48
26865,~26866T,aa:M:E115V,0.0025906735751295338,386
21596,~21597A,aa:S:S12Y,0.010416666666666666,96
14682,~14683C,aa:orf1b:F406L,0.005988023952095809,167
14861,~14862T,aa:orf1b:E465D,0.047619047619047616,21
14923,~14924A,aa:orf1b:V486D,0.05,20
17667,~17668T,aa:orf1b:G1401C,0.01639344262295082,122
3079,~3080T,aa:orf1a:E939*,0.0022222222222222222,450
13227,~13228A,aa:orf1a:F4321L,0.00558659217877095,179
14445,~14446T,aa:orf1b:D327Y,0.004273504273504274,234
17813,~17814T,aa:orf1b:L1449F,0.00909090909090909,110
3584,~3585T,aa:orf1a:G1107V,0.014925373134328358,67
1302,~1303A,T1303A,0.015384615384615385,65
26970,~26971T,aa:M:R150L,0.009523809523809525,105
22592,~22593A,aa:S:A344D,0.05263157894736842,19
25384,~25385G,A25385G,0.012345679012345678,81
21246,~21247T,aa:orf1b:V2594L,0.024390243902439025,41
21258,~21259C,aa:orf1b:S2598P,0.02702702702702703,37
26804,~26805C,aa:M:Y95H,0.0021551724137931034,464
14570,~14571T,C14571T,0.0033112582781456954,302
14563,~14564A,aa:orf1b:A366D,0.0033003300330033004,303
10752,~10753A,G10753A,0.0625,16
28496,~28497T,aa:N:N75I,0.014492753623188406,69
18996,~18997T,aa:orf1b:A1844S,0.0038314176245210726,261
12577,~12578T,aa:orf1a:D4105Y,0.01282051282051282,78
22218,~22219G,T22219G,0.004310344827586207,232
1106,~1107G,aa:orf1a:I281S,0.018518518518518517,54
13818,~13819A,aa:orf1b:L118I,0.01020408163265306,98
13803,~13804C,aa:orf1b:Y113H,0.00819672131147541,122
13806,~13807T,aa:orf1b:T114S,0.008547008547008548,117
3908,~3909C,aa:orf1a:I1215T,0.01694915254237288,59
1388,~1389T,aa:orf1a:N375I,0.017241379310344827,58
1371,~1372C,T1372C,0.018518518518518517,54
26689,~26690T,G26690T,0.004889975550122249,409
8427,~8428T,aa:orf1a:L2721F,0.0035842293906810036,279
26831,~26832T,aa:M:A104S,0.002145922746781116,466
25314,~25315T,A25315T,0.013157894736842105,76
25374,~25375G,aa:S:H1271Q,0.0125,80
16955,~16956C,A16956C,0.030303030303030304,33
16779,~16780C,aa:orf1b:F1105L,0.041666666666666664,24
26704,~26705A,T26705A,0.0022727272727272726,440
6918,~6919T,aa:orf1a:L2218F,0.006711409395973154,149
7074,~7075A,aa:orf1a:Y2270*,0.008771929824561403,114
22799,~22800T,aa:S:G413V,0.015873015873015872,63
23030,~23031A,aa:S:F490Y,0.021739130434782608,46
3912,~3913C,T3913C,0.01694915254237288,59
21380,~21381A,C21381A,0.01818181818181818,55
28732,~28733T,aa:N:N154Y,0.03571428571428571,28
1280,~1281A,aa:orf1a:A339D,0.015151515151515152,66
23423,~23424A,aa:S:P621H,0.07142857142857142,14
25533,~25534T,aa:orf3a:V48F,0.017857142857142856,56
20175,~20176T,aa:orf1b:V2237F,0.034482758620689655,29
11022,~11023G,A11023G,0.09090909090909091,11
22374,~22375C,aa:S:Q271H,0.005128205128205128,195
13960,~13961A,aa:orf1b:V165E,0.16666666666666666,6
8684,~8685A,aa:orf1a:I2807K,0.008849557522123894,113
19017,~19018G,aa:orf1b:P1851A,0.007067137809187279,283
9274,~9275G,aa:orf1a:W3004G,0.027777777777777776,36
9075,~9076A,aa:orf1a:N2937K,0.018867924528301886,53
26706,~26707A,aa:M:L62*,0.0022471910112359553,445
9170,~9171A,aa:orf1a:L2969H,0.01818181818181818,55
26364,~26365T,aa:E:A41S,0.027777777777777776,36
26354,~26355A,T26355A,0.02702702702702703,37
18905,~18906C,T18906C,0.0070921985815602835,141
5650,~5651C,aa:orf1a:Y1796H,0.07692307692307693,13
15125,~15126A,C15126A,0.010416666666666666,96
3002,~3003G,aa:orf1a:E913G,0.001838235294117647,544
26427,~26428T,aa:E:V62F,0.024390243902439025,41
19056,~19057A,aa:orf1b:C1864S,0.003816793893129771,262
19057,~19058T,aa:orf1b:C1864F,0.003816793893129771,262
3536,~3537C,aa:orf1a:I1091T,0.013888888888888888,72
8532,~8533T,A8533T,0.0033783783783783786,296
8383,~8384T,aa:orf1a:H2707Y,0.004651162790697674,215
5941,~5942T,aa:orf1a:D1893Y,0.025,40
8580,~8581T,aa:orf1a:Q2772H,0.003436426116838488,291
1770,~1771A,T1771A,0.01694915254237288,59
1759,~1760A,aa:orf1a:F499I,0.017857142857142856,56
1037,~1038G,aa:orf1a:K258R,0.022727272727272728,44
1058,~1059A,aa:orf1a:T265N,0.02040816326530612,49
12996,~12997A,T12997A,0.013513513513513514,74
22318,~22319T,aa:S:D253Y,0.0045871559633027525,218
22382,~22383A,aa:S:T274N,0.005405405405405406,185
1890,~1891C,T1891C,0.02564102564102564,39
1876,~1877C,aa:orf1a:S538P,0.02631578947368421,38
2907,~2908G,A2908G,0.0020833333333333333,480
2907,~2908C,aa:orf1a:K881N,0.0020833333333333333,480
3919,~3920G,aa:orf1a:K1219E,0.017241379310344827,58
13477,~13478T,aa:orf1b:G4V,0.0078125,128
19130,~19131T,aa:orf1b:E1888D,0.0035971223021582736,278
21586,~21587A,aa:S:P9T,0.010101010101010102,99
21622,~21623T,aa:S:R21*,0.010752688172043012,93
14156,~14157T,A14157T,0.05555555555555555,18
14170,~14171A,aa:orf1b:I235K,0.05,20
14341,~14342T,aa:orf1b:C292F,0.02857142857142857,35
26893,~26894A,C26894A,0.00303951367781155,329
3046,~3047T,aa:orf1a:D928Y,0.0019342359767891683,517
3052,~3053T,aa:orf1a:D930Y,0.001953125,512
3047,~3048T,aa:orf1a:D928V,0.001937984496124031,516
28731,~28732A,aa:N:N153K,0.03571428571428571,28
28715,~28716A,aa:N:T148N,0.034482758620689655,29
28672,~28673T,aa:N:A134S,0.03225806451612903,31
4501,~4502C,aa:orf1a:E1413Q,0.01282051282051282,78
18907,~18908A,aa:orf1b:V1814D,0.006993006993006993,143
18921,~18922T,aa:orf1b:E1819*,0.005952380952380952,168
21774,~21775A,T21775A,0.021739130434782608,46
21779,~21780T,aa:S:T73I,0.021739130434782608,46
2959,~2960T,aa:orf1a:E899*,0.003703703703703704,540
7065,~7066T,aa:orf1a:R2267S,0.008547008547008548,117
5195,~5196T,aa:orf1a:G1644V,0.02127659574468085,47
5225,~5226G,aa:orf1a:K1654R,0.025,40
1707,~1708G,T1708G,0.015873015873015872,63
20960,~20961A,aa:orf1b:N2498K,0.07692307692307693,13
20944,~20945A,aa:orf1b:V2493D,0.07142857142857142,14
20921,~20922T,aa:orf1b:W2485C,0.14285714285714285,14
26894,~26895A,aa:M:H125N,0.0030864197530864196,324
26987,~26988T,C26988T,0.021739130434782608,46
13295,~13296G,aa:orf1a:D4344G,0.004830917874396135,207
8449,~8450T,aa:orf1a:I2729L,0.006734006734006734,297
8439,~8440T,A8440T,0.003436426116838488,291
4422,~4423A,C4423A,0.028985507246376812,69
3617,~3618G,aa:orf1a:V1118G,0.014705882352941176,68
1641,~1642A,C1642A,0.017543859649122806,57
1698,~1699T,A1699T,0.01639344262295082,61
19033,~19034C,aa:orf1b:I1856T,0.0036496350364963502,274
19068,~19069T,aa:orf1b:A1868S,0.0038314176245210726,261
28046,~28047G,aa:orf8:R52G,0.07142857142857142,14
28074,~28075T,aa:orf8:C61F,0.05555555555555555,18
28107,~28108G,aa:orf8:Q72R,0.045454545454545456,22
28067,~28068T,aa:orf8:E59*,0.0625,16
2680,~2681G,aa:orf1a:M806V,0.017857142857142856,56
3022,~3023G,aa:orf1a:M920V,0.0018281535648994515,547
3031,~3032C,aa:orf1a:S923P,0.0018214936247723133,549
3005,~3006A,aa:orf1a:F914Y,0.001834862385321101,545
13703,~13704C,T13704C,0.004629629629629629,216
25411,~25412C,aa:orf3a:I7T,0.014492753623188406,69
9725,~9726G,aa:orf1a:Y3154C,0.0058823529411764705,170
17234,~17235A,T17235A,0.08333333333333333,12
1093,~1094C,T1094C,0.018518518518518517,54
2922,~2923T,A2923T,0.001941747572815534,515
2922,~2923G,A2923G,0.003883495145631068,515
4082,~4083G,aa:orf1a:D1273G,0.043478260869565216,23
13421,~13422A,aa:orf1a:L4386H,0.005917159763313609,169
26753,~26754T,aa:M:G78C,0.002053388090349076,487
12337,~12338T,aa:orf1a:V4025F,0.013513513513513514,74
18780,~18781T,aa:orf1b:G1772C,0.015151515151515152,66
25025,~25026G,aa:S:Y1155C,0.05,20
20528,~20529G,T20529G,0.025,40
19013,~19014T,aa:orf1b:K1849N,0.0035971223021582736,278
9717,~9718T,aa:orf1a:K3151N,0.005681818181818182,176
9669,~9670G,A9670G,0.005555555555555556,180
17652,~17653C,aa:orf1b:K1396Q,0.008064516129032258,124
22936,~22937A,aa:S:S459T,0.016666666666666666,60
20146,~20147C,aa:orf1b:F2227S,0.038461538461538464,26
20077,~20078T,aa:orf1b:P2204L,0.07692307692307693,13
1461,~1462T,aa:orf1a:K399N,0.017857142857142856,56
29592,~29593T,G29593T,0.03571428571428571,28
12469,~12470G,aa:orf1a:K4069E,0.008620689655172414,116
12469,~12470T,aa:orf1a:K4069*,0.008620689655172414,116
2671,~2672T,aa:orf1a:A803S,0.017543859649122806,57
8787,~8788A,T8788A,0.03125,32
3894,~3895G,A3895G,0.01694915254237288,59
12990,~12991T,A12991T,0.0136986301369863,73
12908,~12909C,aa:orf1a:F4215S,0.018518518518518517,54
19215,~19216A,aa:orf1b:P1917T,0.005847953216374269,171
14086,~14087T,aa:orf1b:W207L,0.0625,16
25385,~25386A,C25386A,0.012658227848101266,79
13222,~13223A,aa:orf1a:S4320T,0.005434782608695652,184
28429,~28430A,aa:N:F53I,0.011904761904761904,84
2983,~2984A,aa:orf1a:L907I,0.0018148820326678765,551
18295,~18296T,aa:orf1b:W1610L,0.008695652173913044,115
12825,~12826A,aa:orf1a:D4187E,0.045454545454545456,22
15092,~15093T,aa:orf1b:K542N,0.00980392156862745,102
15055,~15056A,aa:orf1b:I530K,0.011764705882352941,85
15087,~15088T,aa:orf1b:A541S,0.010101010101010102,99
10245,~10246G,aa:orf1a:H3327Q,0.017543859649122806,57
3049,~3050T,aa:orf1a:E929*,0.001941747572815534,515
2944,~2945T,aa:orf1a:G894C,0.001876172607879925,533
28427,~28428T,aa:N:W52L,0.012195121951219513,82
28398,~28399A,C28399A,0.0125,80
14517,~14518G,aa:orf1b:N351D,0.0033783783783783786,296
8515,~8516T,aa:orf1a:V2751F,0.003289473684210526,304
2828,~2829T,aa:orf1a:E855V,0.0047169811320754715,212
8345,~8346T,aa:orf1a:C2694F,0.006802721088435374,147
18494,~18495A,T18495A,0.004347826086956522,230
12458,~12459A,aa:orf1a:T4065K,0.009174311926605505,109
12433,~12434T,aa:orf1a:V4057F,0.009523809523809525,105
6999,~7000A,aa:orf1a:Y2245*,0.006802721088435374,147
7061,~7062C,aa:orf1a:Y2266S,0.00847457627118644,118
6994,~6995T,aa:orf1a:I2244F,0.006711409395973154,149
7050,~7051A,aa:orf1a:Y2262*,0.007936507936507936,126
12523,~12524G,aa:orf1a:T4087A,0.009615384615384616,104
20493,~20494A,aa:orf1b:C2343S,0.02631578947368421,38
20479,~20480A,aa:orf1b:S2338*,0.02857142857142857,35
23621,~23622C,aa:S:V687A,0.047619047619047616,21
13538,~13539A,G13539A,0.008547008547008548,117
8396,~8397A,aa:orf1a:L2711*,0.004149377593360996,241
18510,~18511A,aa:orf1b:P1682T,0.0045871559633027525,218
29394,~29395T,aa:N:K374N,0.0196078431372549,51
4990,~4991G,aa:orf1a:N1576D,0.030303030303030304,33
15022,~15023A,aa:orf1b:F519Y,0.014492753623188406,69
15074,~15075T,aa:orf1b:K536N,0.010638297872340425,94
15051,~15052G,aa:orf1b:T529A,0.012195121951219513,82
21929,~21930A,aa:S:A123D,0.02702702702702703,37
22877,~22878G,aa:S:N439S,0.01639344262295082,61
22795,~22796A,aa:S:P412T,0.016666666666666666,60
22757,~22758A,aa:S:S399*,0.021739130434782608,46
9687,~9688G,A9688G,0.005681818181818182,176
10241,~10242G,aa:orf1a:N3326S,0.017241379310344827,58
10248,~10249A,aa:orf1a:N3328K,0.017543859649122806,57
14614,~14615C,aa:orf1b:R383P,0.0035335689045936395,283
14699,~14700A,aa:orf1b:Y411*,0.007633587786259542,131
14683,~14684G,aa:orf1b:F406C,0.006097560975609756,164
11566,~11567T,aa:orf1a:I3768F,0.02631578947368421,38
3042,~3043C,T3043C,0.001890359168241966,529
29346,~29347A,aa:N:D358E,0.017857142857142856,56
6040,~6041T,aa:orf1a:D1926Y,0.011904761904761904,84
12423,~12424G,A12424G,0.009523809523809525,105
12416,~12417T,aa:orf1a:N4051I,0.009433962264150943,106
12398,~12399A,aa:orf1a:L4045H,0.009433962264150943,106
5442,~5443A,T5443A,0.2,5
2888,~2889C,aa:orf1a:V875A,0.002336448598130841,428
8640,~8641C,T8641C,0.0045871559633027525,218
8632,~8633G,aa:orf1a:I2790V,0.004310344827586207,232
8489,~8490C,aa:orf1a:L2742S,0.003389830508474576,295
6860,~6861A,aa:orf1a:A2199E,0.007633587786259542,131
6903,~6904C,T6904C,0.006756756756756757,148
6897,~6898T,A6898T,0.006622516556291391,151
25282,~25283C,aa:S:C1241R,0.013157894736842105,76
8443,~8444G,aa:orf1a:K2727E,0.003424657534246575,292
29497,~29498A,aa:N:Q409K,0.038461538461538464,26
2836,~2837A,aa:orf1a:S858T,0.004149377593360996,241
4561,~4562A,aa:orf1a:S1433T,0.012195121951219513,82
4556,~4557A,aa:orf1a:V1431E,0.011764705882352941,85
4394,~4395G,aa:orf1a:E1377G,0.017241379310344827,58
4394,~4395T,aa:orf1a:E1377V,0.017241379310344827,58
4635,~4636G,A4636G,0.02,50
18712,~18713A,aa:orf1b:A1749D,0.014285714285714285,70
15322,~15323T,aa:orf1b:N619I,0.03125,32
22309,~22310T,aa:S:T250S,0.004366812227074236,229
17776,~17777A,aa:orf1b:P1437H,0.008264462809917356,121
13637,~13638A,T13638A,0.005,200
18851,~18852G,aa:orf1b:S1795R,0.015625,64
9532,~9533G,aa:orf1a:T3090A,0.00980392156862745,102
9718,~9719A,aa:orf1a:H3152N,0.005681818181818182,176
4653,~4654G,T4654G,0.021739130434782608,46
5298,~5299A,T5299A,0.08333333333333333,12
5252,~5253T,aa:orf1a:G1663V,0.03571428571428571,28
3020,~3021T,aa:orf1a:H919L,0.0018248175182481751,548
9638,~9639T,aa:orf1a:H3125L,0.0055248618784530384,181
17690,~17691T,A17691T,0.008403361344537815,119
17665,~17666G,aa:orf1b:K1400R,0.008333333333333333,120
17731,~17732C,aa:orf1b:F1422S,0.009345794392523364,107
17683,~17684T,aa:orf1b:D1406V,0.01639344262295082,122
19102,~19103A,aa:orf1b:P1879H,0.003787878787878788,264
18892,~18893T,aa:orf1b:C1809F,0.008403361344537815,119
7264,~7265A,aa:orf1a:F2334I,0.06666666666666667,15
15439,~15440A,aa:orf1b:V658D,0.09090909090909091,11
8408,~8409A,aa:orf1a:V2715D,0.003937007874015748,254
8362,~8363T,aa:orf1a:N2700Y,0.005681818181818182,176
13230,~13231A,T13231A,0.00546448087431694,183
13230,~13231C,T13231C,0.00546448087431694,183
1183,~1184T,aa:orf1a:A307S,0.01639344262295082,61
18514,~18515A,aa:orf1b:W1683*,0.004651162790697674,215
14581,~14582T,aa:orf1b:H372L,0.0033003300330033004,303
14581,~14582G,aa:orf1b:H372R,0.0033003300330033004,303
8397,~8398T,aa:orf1a:L2711F,0.00823045267489712,243
6806,~6807A,aa:orf1a:T2181N,0.00980392156862745,102
14879,~14880C,T14880C,0.043478260869565216,23
13049,~13050T,aa:orf1a:A4262V,0.014084507042253521,71
29596,~29597A,aa:orf10:Y14N,0.03571428571428571,28
19172,~19173T,A19173T,0.0041841004184100415,239
19853,~19854A,aa:orf1b:D2129E,0.05,20
19595,~19596G,C19596G,0.047619047619047616,21
19782,~19783G,aa:orf1b:F2106V,0.038461538461538464,26
17529,~17530G,aa:orf1b:I1355V,0.007407407407407408,135
17525,~17526T,aa:orf1b:K1353N,0.007352941176470588,136
17523,~17524T,aa:orf1b:K1353*,0.007407407407407408,135
1663,~1664A,aa:orf1a:F467I,0.018867924528301886,53
13548,~13549T,aa:orf1b:I28F,0.007194244604316547,139
29114,~29115G,aa:N:Q281R,0.047619047619047616,21
13746,~13747T,aa:orf1b:K94*,0.005319148936170213,188
26907,~26908C,aa:M:L129P,0.003484320557491289,287
26911,~26912A,C26912A,0.0035714285714285713,280
23783,~23784G,aa:S:Y741C,0.024390243902439025,41
8638,~8639A,aa:orf1a:P2792T,0.004545454545454545,220
2970,~2971A,aa:orf1a:M902I,0.0018248175182481751,548
3008,~3009G,aa:orf1a:K915R,0.001838235294117647,544
2945,~2946C,aa:orf1a:G894A,0.001876172607879925,533
27221,~27222C,T27222C,0.030303030303030304,33
6749,~6750T,aa:orf1a:N2162I,0.05263157894736842,19
7827,~7828A,aa:orf1a:F2521L,0.037037037037037035,27
14534,~14535G,A14535G,0.0033222591362126247,301
28383,~28384T,A28384T,0.011235955056179775,89
17582,~17583A,T17583A,0.007936507936507936,126
10197,~10198A,aa:orf1a:D3311E,0.019230769230769232,52
18581,~18582A,C18582A,0.006578947368421052,152
20488,~20489T,aa:orf1b:C2341F,0.02857142857142857,35
16932,~16933G,aa:orf1b:M1156V,0.034482758620689655,29
15003,~15004T,aa:orf1b:E513*,0.016129032258064516,62
17994,~17995A,aa:orf1b:F1510I,0.0196078431372549,51
25110,~25111C,T25111C,0.0196078431372549,51
8554,~8555G,aa:orf1a:K2764E,0.003367003367003367,297
16374,~16375G,aa:orf1b:P970A,0.045454545454545456,22
9692,~9693A,aa:orf1a:A3143D,0.005681818181818182,176
3080,~3081T,aa:orf1a:E939V,0.004454342984409799,449
15592,~15593G,aa:orf1b:K709R,0.09090909090909091,11
12238,~12239T,aa:orf1a:D3992Y,0.058823529411764705,17
11973,~11974A,aa:orf1a:D3903E,0.1,10
12242,~12243T,aa:orf1a:R3993L,0.05,20
3110,~3111G,aa:orf1a:Y949C,0.0028653295128939827,349
2903,~2904C,aa:orf1a:I880T,0.0021413276231263384,467
2903,~2904A,aa:orf1a:I880K,0.0021413276231263384,467
1332,~1333A,T1333A,0.016666666666666666,60
1343,~1344A,aa:orf1a:L360*,0.017857142857142856,56
1162,~1163G,aa:orf1a:I300V,0.016129032258064516,62
23669,~23670G,aa:S:N703S,0.03125,32
17769,~17770T,aa:orf1b:I1435F,0.00819672131147541,122
8562,~8563C,T8563C,0.003257328990228013,307
6870,~6871A,T6871A,0.007194244604316547,139
25143,~25144A,aa:S:N1194K,0.015384615384615385,65
26328,~26329T,aa:E:V29F,0.03225806451612903,31
10738,~10739T,aa:orf1a:D3492Y,0.06666666666666667,15
1181,~1182A,aa:orf1a:V306D,0.016666666666666666,60
1239,~1240C,T1240C,0.018867924528301886,53
1239,~1240A,aa:orf1a:H325Q,0.018867924528301886,53
1224,~1225A,C1225A,0.017857142857142856,56
17846,~17847T,aa:orf1b:Q1460H,0.009009009009009009,111
13588,~13589T,aa:orf1b:K41I,0.0051813471502590676,193
19103,~19104A,T19104A,0.0037735849056603774,265
2931,~2932T,aa:orf1a:L889F,0.0018656716417910447,536
20547,~20548T,aa:orf1b:D2361Y,0.03125,32
22405,~22406G,aa:S:N282D,0.006172839506172839,162
3977,~3978T,aa:orf1a:E1238V,0.0196078431372549,51
3999,~4000T,aa:orf1a:E1245D,0.022222222222222223,45
3797,~3798C,aa:orf1a:F1178S,0.02040816326530612,49
8429,~8430A,aa:orf1a:S2722Y,0.0035714285714285713,280
24901,~24902G,aa:S:I1114V,0.05263157894736842,19
17586,~17587T,aa:orf1b:T1374S,0.008064516129032258,124
17561,~17562A,G17562A,0.007575757575757576,132
17556,~17557A,aa:orf1b:C1364S,0.014925373134328358,134
3054,~3055C,T3055C,0.001968503937007874,508
26735,~26736G,aa:M:R72G,0.002066115702479339,484
26945,~26946T,aa:M:A142S,0.005208333333333333,192
26905,~26906A,T26906A,0.003424657534246575,292
26946,~26947A,aa:M:A142D,0.010638297872340425,188
1787,~1788C,aa:orf1a:N508T,0.017543859649122806,57
21310,~21311G,aa:orf1b:Q2615R,0.027777777777777776,36
1180,~1181T,aa:orf1a:V306F,0.016666666666666666,60
1248,~1249T,aa:orf1a:E328D,0.017543859649122806,57
1266,~1267A,C1267A,0.014925373134328358,67
1195,~1196T,aa:orf1a:E311*,0.016666666666666666,60
13433,~13434C,aa:orf1a:M4390T,0.00625,160
22083,~22084C,T22084C,0.0196078431372549,51
13341,~13342G,aa:orf1a:D4359E,0.004739336492890996,211
13341,~13342A,aa:orf1a:D4359E,0.004739336492890996,211
3007,~3008G,aa:orf1a:K915E,0.001838235294117647,544
2815,~2816G,aa:orf1a:K851E,0.005917159763313609,169
2174,~2175G,aa:orf1a:E637G,0.041666666666666664,24
2135,~2136A,aa:orf1a:L624H,0.029411764705882353,34
7182,~7183A,T7183A,0.043478260869565216,23
7148,~7149C,aa:orf1a:L2295S,0.03225806451612903,31
15279,~15280G,aa:orf1b:L605V,0.015625,64
15221,~15222A,aa:orf1b:F585L,0.011627906976744186,86
13819,~13820A,aa:orf1b:L118H,0.010309278350515464,97
15169,~15170G,aa:orf1b:K568R,0.010869565217391304,92
8600,~8601A,aa:orf1a:V2779E,0.0037313432835820895,268
13580,~13581G,A13581G,0.005494505494505495,182
15038,~15039A,T15039A,0.013513513513513514,74
15335,~15336C,T15336C,0.043478260869565216,23
8463,~8464A,T8464A,0.003355704697986577,298
8468,~8469G,aa:orf1a:K2735R,0.003389830508474576,295
7632,~7633A,aa:orf1a:D2456E,0.022727272727272728,44
7630,~7631T,aa:orf1a:D2456Y,0.022727272727272728,44
12553,~12554T,aa:orf1a:E4097*,0.011235955056179775,89
12602,~12603T,aa:orf1a:E4113V,0.015384615384615385,65
26849,~26850C,aa:M:W110R,0.0023094688221709007,433
26796,~26797T,aa:M:W92L,0.0021691973969631237,461
8368,~8369G,aa:orf1a:Q2702E,0.005291005291005291,189
12776,~12777T,aa:orf1a:Y4171F,0.037037037037037035,27
12779,~12780G,aa:orf1a:Y4172C,0.037037037037037035,27
12807,~12808G,A12808G,0.04,25
9648,~9649T,aa:orf1a:W3128C,0.00546448087431694,183
18933,~18934G,aa:orf1b:I1823V,0.00546448087431694,183
18933,~18934T,aa:orf1b:I1823F,0.00546448087431694,183
19043,~19044A,T19044A,0.0037313432835820895,268
19164,~19165G,aa:orf1b:K1900E,0.004081632653061225,245
13245,~13246A,aa:orf1a:C4327*,0.005208333333333333,192
8671,~8672A,aa:orf1a:S2803T,0.007352941176470588,136
2162,~2163T,aa:orf1a:E633V,0.03571428571428571,28
19219,~19220A,aa:orf1b:A1918D,0.005917159763313609,169
18920,~18921A,T18921A,0.006060606060606061,165
4586,~4587C,aa:orf1a:L1441P,0.013513513513513514,74
22025,~22026T,aa:S:S155I,0.019230769230769232,52
12335,~12336G,aa:orf1a:K4024R,0.013513513513513514,74
14698,~14699G,aa:orf1b:Y411C,0.007518796992481203,133
14738,~14739A,aa:orf1b:S424R,0.029411764705882353,34
8446,~8447A,aa:orf1a:Q2728K,0.0034129692832764505,293
8634,~8635T,A8635T,0.004366812227074236,229
14422,~14423A,aa:orf1b:P319Q,0.004761904761904762,210
14422,~14423T,aa:orf1b:P319L,0.004761904761904762,210
18961,~18962A,aa:orf1b:A1832D,0.004901960784313725,204
19004,~19005T,aa:orf1b:L1846F,0.003745318352059925,267
25453,~25454T,aa:orf3a:K21M,0.01639344262295082,61
19578,~19579C,aa:orf1b:F2038L,0.04,25
2076,~2077C,T2077C,0.027777777777777776,36
14628,~14629A,aa:orf1b:S388T,0.003745318352059925,267
2881,~2882A,aa:orf1a:C873S,0.0024509803921568627,408
2995,~2996A,aa:orf1a:S911T,0.001838235294117647,544
2925,~2926A,T2926A,0.0019120458891013384,523
8334,~8335A,T8335A,0.008547008547008548,117
14360,~14361C,T14361C,0.013513513513513514,74
14308,~14309T,aa:orf1b:W281L,0.05,20
14396,~14397T,A14397T,0.006060606060606061,165
19085,~19086T,aa:orf1b:K1873N,0.0038314176245210726,261
18380,~18381C,T18381C,0.004651162790697674,215
19681,~19682G,aa:orf1b:E2072G,0.041666666666666664,24
14485,~14486C,aa:orf1b:R340T,0.003367003367003367,297
10279,~10280G,aa:orf1a:R3339G,0.0196078431372549,51
3560,~3561A,aa:orf1a:V1099E,0.014705882352941176,68
3126,~3127C,T3127C,0.0033783783783783786,296
12512,~12513A,aa:orf1a:T4083K,0.00909090909090909,110
12287,~12288A,aa:orf1a:A4008D,0.018867924528301886,53
6260,~6261T,aa:orf1a:N1999I,0.058823529411764705,17
6247,~6248T,aa:orf1a:N1995Y,0.038461538461538464,26
6207,~6208T,aa:orf1a:K1981N,0.024390243902439025,41
6008,~6009C,aa:orf1a:V1915A,0.01282051282051282,78
10171,~10172G,aa:orf1a:R3303G,0.02127659574468085,47
17618,~17619C,T17619C,0.00980392156862745,102
22796,~22797T,aa:S:P412L,0.01639344262295082,61
22967,~22968A,aa:S:S469*,0.01818181818181818,55
22891,~22892G,aa:S:K444E,0.015625,64
22828,~22829A,aa:S:Y423N,0.01694915254237288,59
22824,~22825A,aa:S:Y421*,0.01694915254237288,59
22918,~22919C,aa:S:Y453H,0.015873015873015872,63
25391,~25392A,T25392A,0.013157894736842105,76
22798,~22799C,aa:S:G413R,0.015625,64
18613,~18614A,aa:orf1b:L1716*,0.009174311926605505,109
27722,~27723G,aa:orf7a:I110M,0.1,10
19120,~19121G,aa:orf1b:Y1885C,0.0035587188612099642,281
8607,~8608A,T8608A,0.003861003861003861,259
8447,~8448T,aa:orf1a:Q2728L,0.0034129692832764505,293
15189,~15190T,aa:orf1b:G575*,0.010638297872340425,94
6864,~6865A,G6865A,0.007575757575757576,132
7071,~7072A,C7072A,0.008547008547008548,117
21473,~21474T,aa:orf1b:L2669F,0.01098901098901099,91
11449,~11450A,aa:orf1a:Q3729K,0.027777777777777776,36
25356,~25357A,C25357A,0.0125,80
9513,~9514C,aa:orf1a:L3083F,0.011235955056179775,89
22745,~22746C,aa:S:V395A,0.023809523809523808,42
22726,~22727T,aa:S:D389Y,0.024390243902439025,41
28322,~28323C,aa:N:F17S,0.009523809523809525,105
26720,~26721A,aa:M:L67I,0.002127659574468085,470
17738,~17739T,A17739T,0.00909090909090909,110
15059,~15060A,T15060A,0.011627906976744186,86
14986,~14987T,aa:orf1b:Y507F,0.02040816326530612,49
18705,~18706T,aa:orf1b:T1747S,0.014705882352941176,68
18919,~18920A,aa:orf1b:I1818N,0.006134969325153374,163
3112,~3113C,aa:orf1a:G950R,0.002932551319648094,341
3112,~3113T,aa:orf1a:G950C,0.002932551319648094,341
3136,~3137G,aa:orf1a:K958E,0.004048582995951417,247
28824,~28825A,T28825A,0.05,20
16030,~16031A,aa:orf1b:I855K,0.06666666666666667,15
23691,~23692A,aa:S:N710K,0.02631578947368421,38
29312,~29313T,aa:N:K347I,0.020833333333333332,48
19479,~19480C,aa:orf1b:G2005R,0.041666666666666664,24
12349,~12350T,aa:orf1a:M4029L,0.011764705882352941,85
12291,~12292T,aa:orf1a:M4009I,0.01818181818181818,55
12281,~12282G,aa:orf1a:D4006G,0.02040816326530612,49
13307,~13308G,aa:orf1a:K4348R,0.004761904761904762,210
17596,~17597A,aa:orf1b:A1377D,0.008849557522123894,113
17580,~17581T,aa:orf1b:V1372F,0.007936507936507936,126
23809,~23810T,aa:S:S750C,0.02564102564102564,39
23775,~23776A,aa:S:C738*,0.02631578947368421,38
9601,~9602G,aa:orf1a:T3113A,0.005747126436781609,174
19518,~19519C,aa:orf1b:Y2018H,0.034482758620689655,29
19527,~19528T,aa:orf1b:A2021S,0.03225806451612903,31
13209,~13210A,aa:orf1a:N4315K,0.005555555555555556,180
26717,~26718T,aa:M:V66L,0.002136752136752137,468
12292,~12293T,aa:orf1a:T4010S,0.017857142857142856,56
19858,~19859A,aa:orf1b:A2131D,0.05263157894736842,19
21605,~21606T,aa:S:C15F,0.010526315789473684,95
29074,~29075A,aa:N:Y268N,0.04,25
29120,~29121T,aa:N:Q283L,0.047619047619047616,21
29133,~29134T,G29134T,0.047619047619047616,21
3086,~3087C,aa:orf1a:F941S,0.002304147465437788,434
20509,~20510A,aa:orf1b:L2348*,0.02564102564102564,39
4385,~4386C,aa:orf1a:N1374T,0.01818181818181818,55
4451,~4452G,aa:orf1a:K1396R,0.012048192771084338,83
28228,~28229A,aa:orf8:H112Q,0.015625,64
28186,~28187A,T28187A,0.037037037037037035,27
7567,~7568C,aa:orf1a:Y2435H,0.02564102564102564,39
7607,~7608G,aa:orf1a:H2448R,0.022222222222222223,45
1294,~1295A,aa:orf1a:C344S,0.014925373134328358,67
26992,~26993G,A26993G,0.022222222222222223,45
26778,~26779T,aa:M:C86F,0.0021008403361344537,476
29553,~29554T,G29554T,0.041666666666666664,24
29779,~29780G,A29780G,0.058823529411764705,17
29702,~29703A,G29703A,0.038461538461538464,26
2805,~2806G,A2806G,0.0070921985815602835,141
3229,~3230T,aa:orf1a:G989C,0.07142857142857142,14
3987,~3988T,A3988T,0.020833333333333332,48
19210,~19211T,aa:orf1b:R1915I,0.011494252873563218,174
19041,~19042A,aa:orf1b:P1859T,0.003787878787878788,264
15100,~15101A,aa:orf1b:A545D,0.009615384615384616,104
8777,~8778C,aa:orf1a:F2838S,0.03125,32
28567,~28568T,aa:N:G99C,0.027777777777777776,36
28462,~28463A,aa:N:L64I,0.011764705882352941,85
14648,~14649A,aa:orf1b:N394K,0.004219409282700422,237
13729,~13730A,aa:orf1b:A88D,0.005050505050505051,198
9590,~9591G,aa:orf1a:Y3109C,0.006060606060606061,165
6197,~6198A,aa:orf1a:S1978Y,0.02127659574468085,47
4649,~4650A,aa:orf1a:A1462D,0.022222222222222223,45
4687,~4688T,aa:orf1a:V1475F,0.045454545454545456,22
1173,~1174A,C1174A,0.016666666666666666,60
27032,~27033T,aa:M:A171S,0.02127659574468085,47
1355,~1356A,aa:orf1a:A364D,0.018518518518518517,54
15616,~15617T,aa:orf1b:R717I,0.07692307692307693,13
2675,~2676A,aa:orf1a:P804H,0.01818181818181818,55
2662,~2663A,aa:orf1a:C800S,0.017241379310344827,58
2690,~2691A,aa:orf1a:T809K,0.017543859649122806,57
18481,~18482T,aa:orf1b:H1672L,0.004405286343612335,227
9276,~9277T,aa:orf1a:W3004C,0.02857142857142857,35
9285,~9286A,aa:orf1a:N3007K,0.03125,32
9306,~9307T,aa:orf1a:L3014F,0.045454545454545456,22
22402,~22403T,aa:S:E281*,0.006060606060606061,165
22448,~22449A,aa:S:L296H,0.01,100
22448,~22449C,aa:S:L296P,0.01,100
13352,~13353A,aa:orf1a:F4363Y,0.009523809523809525,210
13440,~13441A,G13441A,0.00684931506849315,146
13395,~13396T,aa:orf1a:K4377N,0.005128205128205128,195
20680,~20681T,aa:orf1b:G2405V,0.03125,32
8959,~8960G,aa:orf1a:P2899A,0.03225806451612903,31
26915,~26916A,aa:M:P132T,0.007326007326007326,273
26920,~26921C,T26921C,0.003861003861003861,259
13194,~13195A,T13195A,0.006535947712418301,153
13140,~13141A,T13141A,0.009433962264150943,106
17353,~17354C,aa:orf1b:F1296S,0.017857142857142856,56
13752,~13753T,aa:orf1b:R96*,0.005555555555555556,180
13832,~13833G,A13833G,0.014285714285714285,70
13815,~13816T,aa:orf1b:D117Y,0.009900990099009901,101
14692,~14693T,aa:orf1b:D409V,0.006802721088435374,147
26464,~26465A,aa:E:L74Q,0.023809523809523808,42
26440,~26441T,aa:E:N66I,0.023809523809523808,42
26487,~26488A,T26488A,0.022222222222222223,45
26526,~26527A,aa:M:A2E,0.02127659574468085,47
10648,~10649T,aa:orf1a:T3462S,0.125,8
8337,~8338A,aa:orf1a:C2691*,0.008,125
13766,~13767A,aa:orf1b:D100E,0.00625,160
17570,~17571A,T17571A,0.007751937984496124,129
18525,~18526A,aa:orf1b:R1687S,0.005,200
9642,~9643A,T9643A,0.0055248618784530384,181
2599,~2600T,aa:orf1a:V779F,0.02040816326530612,49
4218,~4219G,A4219G,0.05555555555555555,18
4215,~4216T,aa:orf1a:L1317F,0.05263157894736842,19
12605,~12606C,aa:orf1a:I4114T,0.016129032258064516,62
22483,~22484T,aa:S:V308L,0.021739130434782608,46
22487,~22488G,aa:S:E309G,0.025,40
3017,~3018A,aa:orf1a:S918*,0.001834862385321101,545
13775,~13776T,A13776T,0.006535947712418301,153
13782,~13783C,aa:orf1b:S106P,0.006711409395973154,149
26710,~26711C,T26711C,0.0021929824561403508,456
9690,~9691A,T9691A,0.0056179775280898875,178
17638,~17639A,aa:orf1b:S1391*,0.00847457627118644,118
17694,~17695T,aa:orf1b:A1410S,0.008333333333333333,120
17694,~17695C,aa:orf1b:A1410P,0.008333333333333333,120
17668,~17669T,aa:orf1b:G1401V,0.008064516129032258,124
13476,~13477T,aa:orf1b:G4C,0.007692307692307693,130
13465,~13466G,aa:orf1a:N4401D,0.008064516129032258,124
13441,~13442C,aa:orf1a:S4393P,0.006896551724137931,145
1064,~1065T,aa:orf1a:N267I,0.02040816326530612,49
3036,~3037A,aa:orf1a:F924L,0.0018726591760299626,534
10332,~10333G,A10333G,0.0196078431372549,51
29762,~29763T,A29763T,0.05,20
26736,~26737T,aa:M:R72I,0.00205761316872428,486
4483,~4484T,aa:orf1a:K1407*,0.012195121951219513,82
17424,~17425T,aa:orf1b:V1320L,0.00909090909090909,110
3006,~3007A,aa:orf1a:F914L,0.0018315018315018315,546
4426,~4427C,T4427C,0.014084507042253521,71
4580,~4581T,aa:orf1a:N1439I,0.013333333333333334,75
4433,~4434A,aa:orf1a:P1390H,0.013333333333333334,75
12952,~12953A,aa:orf1a:F4230I,0.014492753623188406,69
26815,~26816C,T26816C,0.0021413276231263384,467
25446,~25447A,aa:orf3a:E19K,0.015625,64
9819,~9820T,aa:orf1a:L3185F,0.011764705882352941,85
9789,~9790A,aa:orf1a:F3175L,0.00819672131147541,122
18420,~18421A,aa:orf1b:P1652T,0.004329004329004329,231
13006,~13007T,aa:orf1a:A4248S,0.014285714285714285,70
12092,~12093A,aa:orf1a:A3943D,0.0625,16
3612,~3613A,aa:orf1a:H1116Q,0.015151515151515152,66
3717,~3718C,T3718C,0.015873015873015872,63
1430,~1431T,aa:orf1a:N389I,0.019230769230769232,52
13208,~13209G,aa:orf1a:N4315S,0.005649717514124294,177
19070,~19071C,T19071C,0.003861003861003861,259
19206,~19207T,aa:orf1b:D1914Y,0.005405405405405406,185
26933,~26934A,aa:M:L138I,0.004405286343612335,227
6672,~6673C,T6673C,0.09090909090909091,11
19182,~19183A,aa:orf1b:C1906S,0.0044444444444444444,225
14707,~14708T,aa:orf1b:A414V,0.008771929824561403,114
17625,~17626G,aa:orf1b:H1387D,0.009523809523809525,105
17645,~17646G,A17646G,0.00847457627118644,118
18900,~18901T,aa:orf1b:K1812*,0.007518796992481203,133
18946,~18947A,aa:orf1b:L1827Q,0.005235602094240838,191
25038,~25039A,aa:S:H1159Q,0.05263157894736842,19
3562,~3563T,aa:orf1a:G1100C,0.014285714285714285,70
3583,~3584C,aa:orf1a:G1107R,0.014492753623188406,69
22159,~22160C,aa:S:Y200H,0.00546448087431694,183
13207,~13208C,aa:orf1a:N4315H,0.005681818181818182,176
3101,~3102T,aa:orf1a:Q946L,0.0026455026455026454,378
26675,~26676T,aa:M:I52F,0.00273224043715847,366
26926,~26927G,A26927G,0.00411522633744856,243
7934,~7935A,aa:orf1a:A2557E,0.029411764705882353,34
14679,~14680G,aa:orf1b:N405D,0.005747126436781609,174
14688,~14689T,aa:orf1b:K408*,0.006369426751592357,157
9647,~9648T,aa:orf1a:W3128L,0.00546448087431694,183
1006,~1007T,aa:orf1a:S248C,0.025,40
22361,~22362A,aa:S:V267E,0.009615384615384616,208
22383,~22384A,T22384A,0.005434782608695652,184
22975,~22976T,aa:S:I472F,0.018518518518518517,54
11088,~11089G,A11089G,0.125,8
3091,~3092A,aa:orf1a:P943T,0.0024330900243309003,411
9205,~9206A,aa:orf1a:S2981T,0.020833333333333332,48
9232,~9233T,aa:orf1a:E2990*,0.022727272727272728,44
9078,~9079T,A9079T,0.018518518518518517,54
9212,~9213G,aa:orf1a:Y2983C,0.02040816326530612,49
9226,~9227G,aa:orf1a:T2988A,0.02127659574468085,47
9286,~9287G,aa:orf1a:N3008D,0.03225806451612903,31
9249,~9250C,T9250C,0.025,40
9239,~9240A,aa:orf1a:S2992*,0.025,40
14596,~14597T,aa:orf1b:N377I,0.003257328990228013,307
13456,~13457A,aa:orf1a:S4398T,0.008064516129032258,124
6624,~6625T,aa:orf1a:K2120N,0.0625,16
26491,~26492T,A26492T,0.02127659574468085,47
13689,~13690T,aa:orf1b:E75*,0.004672897196261682,214
13557,~13558A,aa:orf1b:D31N,0.00641025641025641,156
13647,~13648C,aa:orf1b:F61L,0.004975124378109453,201
19124,~19125C,aa:orf1b:K1886N,0.0034965034965034965,286
19061,~19062G,A19062G,0.003787878787878788,264
21995,~21996T,aa:S:Y145F,0.019230769230769232,52
21948,~21949T,aa:S:K129N,0.023809523809523808,42
22012,~22013T,aa:S:S151C,0.017543859649122806,57
1361,~1362C,aa:orf1a:V366A,0.0196078431372549,51
1364,~1365T,aa:orf1a:K367I,0.019230769230769232,52
8664,~8665C,T8665C,0.006369426751592357,157
9755,~9756T,aa:orf1a:R3164L,0.006711409395973154,149
7874,~7875A,aa:orf1a:P2537H,0.03225806451612903,31
25627,~25628A,aa:orf3a:F79Y,0.02127659574468085,47
22240,~22241T,aa:S:V227L,0.004081632653061225,245
22376,~22377A,aa:S:P272H,0.005208333333333333,192
22426,~22427T,aa:S:V289L,0.007462686567164179,134
22872,~22873A,aa:S:N437K,0.016666666666666666,60
13681,~13682G,aa:orf1b:Q72R,0.004651162790697674,215
17201,~17202G,A17202G,0.07142857142857142,14
17464,~17465A,aa:orf1b:T1333K,0.007246376811594203,138
17914,~17915T,aa:orf1b:R1483I,0.010869565217391304,92
12918,~12919A,aa:orf1a:D4218E,0.019230769230769232,52
10582,~10583C,T10583C,0.1111111111111111,9
10763,~10764T,aa:orf1a:Y3500F,0.05555555555555555,18
13736,~13737A,aa:orf1b:H90Q,0.005154639175257732,194
8200,~8201T,aa:orf1a:V2646L,0.023809523809523808,42
9649,~9650T,aa:orf1a:M3129L,0.005434782608695652,184
26960,~26961T,aa:M:G147*,0.007142857142857143,140
12437,~12438A,aa:orf1a:P4058H,0.009433962264150943,106
12484,~12485T,aa:orf1a:I4074L,0.008771929824561403,114
13414,~13415T,aa:orf1a:D4384Y,0.005681818181818182,176
20277,~20278T,aa:orf1b:E2271*,0.043478260869565216,23
18637,~18638G,aa:orf1b:K1724R,0.014084507042253521,71
18788,~18789G,A18789G,0.014925373134328358,67
14451,~14452T,aa:orf1b:V329F,0.004081632653061225,245
14603,~14604T,aa:orf1b:L379F,0.0033444816053511705,299
22314,~22315A,T22315A,0.004424778761061947,226
22167,~22168G,A22168G,0.00510204081632653,196
22295,~22296T,aa:S:H245L,0.004629629629629629,216
22293,~22294T,aa:S:L244F,0.004651162790697674,215
15223,~15224T,aa:orf1b:Y586F,0.011764705882352941,85
15075,~15076C,aa:orf1b:Y537H,0.010638297872340425,94
14590,~14591A,aa:orf1b:S375Y,0.003236245954692557,309
12252,~12253A,C12253A,0.029411764705882353,34
8561,~8562A,aa:orf1a:V2766D,0.003257328990228013,307
1772,~1773A,aa:orf1a:V503D,0.016666666666666666,60
1726,~1727C,aa:orf1a:V488L,0.017543859649122806,57
14696,~14697A,aa:orf1b:F410L,0.007352941176470588,136
14567,~14568C,T14568C,0.003278688524590164,305
14574,~14575T,aa:orf1b:A370S,0.0033444816053511705,299
14656,~14657A,aa:orf1b:A397D,0.004629629629629629,216
8435,~8436T,aa:orf1a:Q2724L,0.003472222222222222,288
8545,~8546T,aa:orf1a:K2761*,0.003389830508474576,295
19092,~19093T,aa:orf1b:D1876Y,0.00392156862745098,255
28301,~28302T,aa:N:R10L,0.010101010101010102,99
9272,~9273T,aa:orf1a:R3003I,0.027777777777777776,36
1817,~1818G,aa:orf1a:K518R,0.02,50
1206,~1207G,A1207G,0.016666666666666666,60
1265,~1266T,aa:orf1a:G334V,0.014705882352941176,68
17819,~17820G,A17820G,0.009259259259259259,108
2993,~2994G,aa:orf1a:E910G,0.001838235294117647,544
12087,~12088T,aa:orf1a:L3941F,0.0625,16
19297,~19298G,aa:orf1b:Y1944C,0.029411764705882353,34
19366,~19367A,aa:orf1b:P1967Q,0.02631578947368421,38
12590,~12591A,aa:orf1a:V4109D,0.015625,64
27792,~27793G,aa:orf7b:F13C,0.125,8
14647,~14648T,aa:orf1b:N394I,0.004219409282700422,237
13427,~13428C,aa:orf1a:E4388A,0.006097560975609756,164
13386,~13387A,T13387A,0.0048543689320388345,206
9784,~9785T,aa:orf1a:T3174S,0.007936507936507936,126
8388,~8389G,aa:orf1a:N2708K,0.0045045045045045045,222
23653,~23654C,aa:S:S698P,0.034482758620689655,29
23715,~23716A,aa:S:F718L,0.02564102564102564,39
23723,~23724T,aa:S:S721I,0.02702702702702703,37
25738,~25739G,aa:orf3a:Q116R,0.14285714285714285,7
25381,~25382G,aa:S:*1274E,0.012345679012345678,81
25502,~25503T,A25503T,0.01694915254237288,59
25223,~25224A,aa:S:I1221K,0.013157894736842105,76
18610,~18611T,aa:orf1b:E1715V,0.008849557522123894,113
18585,~18586A,aa:orf1b:F1707I,0.006666666666666667,150
28982,~28983G,aa:N:K237R,0.03571428571428571,28
14439,~14440A,aa:orf1b:F325I,0.004366812227074236,229
29303,~29304T,aa:N:P344L,0.019230769230769232,52
25598,~25599A,aa:orf3a:W69*,0.01639344262295082,61
22277,~22278T,aa:S:Q239L,0.004672897196261682,214
13797,~13798T,aa:orf1b:T111S,0.007352941176470588,136
13754,~13755T,aa:orf1b:R96S,0.005780346820809248,173
14476,~14477T,aa:orf1b:Y337F,0.0035211267605633804,284
3223,~3224T,aa:orf1a:T987S,0.07142857142857142,14
3349,~3350T,aa:orf1a:S1029C,0.08333333333333333,12
14454,~14455A,aa:orf1b:P330T,0.003952569169960474,253
7217,~7218A,aa:orf1a:L2318*,0.047619047619047616,21
